>anchorPlateId 0
>reconstructionTime 0
>Ontong.gpml Hess.gpml broken_ridge.gpml centralKerguelen.gpml northKerguelen.gpml Manihiki.gpml Africa.gpml Shatsky.gpml elan.gpml madagascar.gpml southernKerguelen.gpml conrad.gpml Agrentine.gpml iceland.gpml Hikurangi2.gpml delCano.gpml Hikurangi.gpml antarctic.gpml MendelevRidge2.gpml MendelevRidge.gpml chagon.gpml
>
>UnclassifiedFeature <identity>GPlates-bc6c605b-e1bc-4f11-93ff-0767edfd8767</identity> <revision>GPlates-90febbc5-54c9-4c77-8395-3540e52f1af6</revision>
> shapefileAttributes KeyValueDictionary ( contour,  256123) ( PLATEID1,  701) ( FROMAGE,  90) ( TOAGE,  0) ( NAME,  ) ( DESCR,  ) ( PLATEID2,  0) ( GPGIM_TYPE,  gpml:UnclassifiedFeature) ( FEATURE_ID,  GPlates-915423b9-0362-4dad-b1fe-aa2e007077a9) ( RECON_METH,  ) ( L_PLATE,  0) ( R_PLATE,  0) ( SPREAD_ASY,  0) ( IMPORT_AGE,  0) ( TYPE,  )
> reconstructionPlateId 701
> validTime TimePeriod <begin> TimeInstant <timePosition>90</timePosition></begin> <end> TimeInstant <timePosition>0</timePosition></end>
> name 
> description 
> conjugatePlateId 0
> spreadingAsymmetry 0
> leftPlate 0
> rightPlate 0
> geometryImportTime TimeInstant <timePosition>0</timePosition>
   9.660803      -19.388399
  10.375902      -21.239100
  10.325502      -21.209000
  10.277300      -21.170399
  10.219999      -21.127300
  10.190203      -21.103699
  10.144400      -21.073599
  10.100801      -21.041300
  10.082502      -21.015499
  10.036699      -20.976700
   9.990801      -20.950899
   9.951902      -20.944399
   9.853300      -20.940100
   9.761602      -20.897100
   9.686003      -20.858299
   9.642401      -20.828100
   9.603502      -20.787199
   9.507200      -20.694500
   9.408701      -20.631899
   9.319300      -20.599499
   9.264299      -20.590900
   9.186300      -20.590900
   9.110701      -20.597399
   9.039701      -20.586599
   8.991503      -20.586599
   8.909002      -20.593100
   8.849401      -20.608200
   8.787500      -20.616800
   8.744001      -20.625399
   8.698099      -20.653500
   8.652300      -20.694500
   8.611002      -20.754799
   8.567499      -20.813000
   8.512503      -20.890600
   8.459803      -20.989700
   8.411600      -21.075699
   8.331400      -21.174700
   8.285601      -21.226200
   8.221399      -21.320799
   8.173300      -21.393799
   8.118299      -21.477499
   8.063299      -21.548199
   8.012800      -21.623299
   7.971601      -21.704700
   7.948702      -21.805300
   7.939501      -21.875900
   7.925699      -21.974300
   7.900499      -22.089699
   7.879900      -22.215700
   7.836401      -22.322399
   7.792803      -22.418299
   7.760702      -22.494999
   7.726301      -22.548199
   7.680502      -22.571600
   7.636900      -22.590799
   7.577402      -22.616299
   7.524599      -22.637600
   7.465002      -22.671700
   7.407701      -22.720600
   7.366503      -22.761000
   7.313803      -22.820499
   7.277102      -22.869299
   7.249601      -22.924500
   7.217501      -22.992500
   7.183100      -23.066700
   7.153299      -23.172699
   7.125799      -23.280699
   7.112101      -23.395000
   7.105200      -23.481699
   7.096003      -23.549400
   7.091501      -23.576799
   7.084600      -23.606400
   7.070803      -23.737299
   7.075399      -23.855400
   7.098303      -23.967100
   7.135000      -24.047100
   7.171701      -24.099699
   7.240400      -24.146000
   7.300001      -24.181700
   7.343599      -24.215399
   7.348200      -24.246899
   7.366503      -24.320400
   7.375700      -24.387600
   7.373400      -24.459000
   7.364202      -24.511400
   7.329802      -24.555500
   7.281702      -24.580599
   7.265600      -24.609900
   7.284002      -24.643499
   7.325201      -24.662300
   7.361902      -24.681200
   7.382502      -24.720999
   7.393999      -24.750299
   7.382502      -24.806799
   7.366503      -24.859100
   7.329802      -24.927999
   7.311502      -25.045000
   7.348200      -25.109699
   7.393999      -25.157700
   7.428400      -25.199400
   7.446699      -25.253599
   7.469603      -25.316200
   7.416903      -25.366199
   7.339003      -25.380699
   7.265600      -25.359900
   7.201502      -25.351599
   7.130400      -25.351599
   7.052500      -25.351599
   6.981401      -25.341200
   6.937902      -25.349499
   6.896601      -25.386999
   6.841600      -25.461899
   6.784300      -25.553400
   6.731600      -25.624100
   6.676600      -25.665699
   6.635302      -25.705099
   6.628500      -25.742500
   6.642202      -25.775700
   6.672003      -25.813099
   6.711000      -25.846199
   6.740801      -25.862799
   6.761400      -25.883600
   6.782000      -25.933300
   6.786600      -25.976799
   6.784300      -26.034800
   6.777399      -26.109299
   6.754499      -26.188000
   6.722403      -26.220999
   6.681200      -26.239599
   6.649099      -26.250000
   6.594103      -26.289200
   6.557402      -26.320200
   6.520700      -26.359499
   6.486403      -26.396599
   6.426802      -26.446199
   6.376303      -26.487400
   6.316801      -26.530699
   6.264002      -26.563700
   6.204401      -26.588400
   6.124201      -26.623499
   6.060102      -26.639900
   5.979799      -26.656399
   5.943201      -26.662600
   5.917902      -26.672899
   5.890402      -26.697599
   5.862902      -26.714100
   5.798800      -26.753199
   5.778101      -26.792299
   5.759802      -26.837500
   5.759802      -26.835400
   5.732302      -26.878599
   5.697901      -26.930000
   5.656702      -26.977200
   5.615400      -26.989599
   5.555799      -26.964899
   5.546602      -26.952599
   5.548903      -26.934099
   5.558100      -26.903299
   5.565001      -26.868299
   5.569601      -26.827200
   5.555799      -26.796400
   5.528299      -26.769600
   5.477900      -26.755199
   5.436602      -26.757299
   5.374701      -26.757299
   5.319700      -26.757299
   5.296801      -26.755199
   5.283102      -26.757299
   5.223501      -26.759300
   5.184500      -26.784000
   5.159300      -26.816900
   5.111200      -26.860100
   5.047003      -26.874500
   4.982801      -26.866299
   4.941603      -26.849800
   4.907202      -26.839600
   4.868200      -26.849800
   4.852201      -26.870399
   4.854502      -26.888899
   4.858999      -26.917700
   4.836100      -26.930000
   4.804003      -26.940300
   4.762800      -26.952599
   4.691702      -26.993700
   4.643602      -27.030600
   4.597799      -27.079899
   4.556501      -27.125000
   4.496901      -27.198799
   4.453402      -27.258200
   4.398302      -27.307400
   4.350203      -27.321699
   4.345602      -27.311499
   4.329599      -27.297100
   4.311300      -27.297100
   4.297503      -27.315599
   4.279200      -27.374899
   4.258501      -27.405600
   4.219603      -27.448599
   4.171400      -27.497599
   4.118700      -27.550699
   4.052301      -27.601799
   3.981199      -27.650799
   3.912401      -27.699799
   3.843702      -27.750799
   3.768000      -27.807800
   3.692400      -27.854700
   3.577803      -27.919899
   3.463202      -27.980900
   3.369200      -28.027700
   3.263800      -28.086700
   3.153799      -28.153700
   3.071302      -28.220800
   2.991102      -28.348600
   2.984201      -28.433699
   3.009401      -28.530899
   3.048403      -28.622000
   3.078199      -28.684700
   3.105700      -28.759399
   3.128599      -28.842199
   3.149202      -28.914799
   3.158400      -28.991400
   3.144602      -29.071999
   3.112501      -29.112299
   3.078199      -29.146500
   3.016302      -29.166599
   2.954401      -29.182699
   2.869600      -29.184700
   2.812300      -29.216900
   2.816900      -29.257099
   2.819201      -29.281200
   2.805002      -29.282700
   2.809603      -29.314899
   2.825701      -29.353100
   2.837202      -29.373100
   2.857801      -29.425400
   2.873899      -29.459499
   2.899099      -29.471500
   2.931200      -29.493599
   2.945002      -29.507700
   2.954100      -29.511700
   3.016100      -29.547800
   3.034403      -29.575899
   3.057302      -29.599899
   3.084902      -29.629999
   3.107801      -29.660000
   3.133001      -29.682100
   3.169703      -29.724100
   3.208700      -29.768099
   3.229403      -29.810200
   3.250002      -29.830200
   3.275202      -29.864100
   3.295900      -29.874100
   3.321100      -29.898100
   3.346300      -29.908100
   3.373899      -29.920099
   3.396799      -29.930099
   3.426600      -29.938099
   3.422003      -29.977999
   3.456301      -29.986000
   3.504499      -30.019899
   3.545702      -30.051899
   3.566401      -30.095699
   3.584700      -30.151499
   3.582399      -30.197300
   3.550303      -30.258999
   3.520502      -30.298800
   3.490702      -30.330599
   3.454000      -30.378300
   3.408201      -30.471699
   3.360102      -30.592699
   3.346300      -30.666000
   3.318800      -30.719500
   3.284403      -30.768999
   3.247801      -30.828400
   3.204203      -30.891600
   3.183599      -30.927200
   3.169802      -30.990400
   3.165300      -31.033899
   3.163000      -31.094999
   3.146902      -31.156099
   3.126303      -31.225100
   3.112501      -31.260599
   3.011702      -31.351099
   2.972700      -31.396299
   2.924601      -31.451399
   2.885599      -31.512199
   2.803102      -31.602499
   2.748102      -31.643700
   2.709101      -31.678999
   2.628901      -31.739700
   2.594500      -31.765200
   2.557901      -31.796499
   2.511999      -31.853300
   2.473101      -31.910000
   2.441000      -31.974499
   2.427202      -32.025299
   2.415800      -32.076000
   2.397402      -32.109200
   2.367601      -32.138500
   2.328699      -32.161900
   2.278200      -32.181400
   2.227800      -32.214500
   2.195700      -32.232000
   2.138399      -32.307999
   2.117800      -32.368299
   2.131601      -32.422699
   2.152201      -32.475199
   2.163603      -32.515999
   2.179701      -32.558699
   2.202600      -32.616899
   2.230101      -32.680899
   2.259901      -32.731300
   2.298903      -32.775799
   2.337801      -32.808800
   2.392801      -32.833900
   2.434099      -32.841700
   2.479902      -32.874500
   2.514299      -32.901600
   2.544100      -32.930599
   2.564699      -32.967300
   2.576200      -33.000200
   2.580801      -33.042700
   2.553301      -33.088999
   2.514299      -33.092800
   2.516600      -33.104399
   2.532701      -33.135300
   2.551001      -33.179600
   2.555601      -33.227800
   2.539499      -33.248999
   2.518900      -33.233599
   2.507402      -33.223900
   2.479902      -33.218100
   2.459299      -33.218100
   2.436399      -33.227800
   2.434099      -33.235500
   2.427202      -33.279800
   2.431803      -33.354799
   2.424902      -33.418299
   2.390600      -33.472099
   2.376802      -33.493200
   2.326403      -33.537399
   2.280500      -33.556599
   2.220900      -33.589199
   2.168200      -33.602600
   2.104101      -33.596800
   2.026102      -33.568100
   1.996302      -33.539299
   1.980303      -33.514299
   1.943602      -33.435600
   1.950502      -33.352900
   1.968801      -33.297100
   1.973402      -33.243200
   1.964201      -33.167999
   1.939001      -33.117899
   1.916101      -33.092800
   1.874903      -33.085100
   1.831301      -33.073500
   1.790102      -33.071600
   1.762503      -33.085100
   1.730501      -33.106300
   1.689199      -33.115999
   1.650202      -33.131399
   1.604403      -33.133299
   1.560900      -33.114100
   1.519602      -33.100500
   1.441702      -33.087099
   1.414202      -33.090900
   1.384401      -33.110199
   1.361403      -33.144899
   1.345400      -33.181499
   1.322500      -33.218100
   1.304102      -33.248999
   1.258303      -33.266300
   1.237700      -33.239300
   1.258303      -33.222000
   1.292700      -33.185400
   1.313299      -33.148800
   1.317900      -33.123699
   1.311003      -33.114100
   1.299601      -33.092800
   1.297300      -33.052299
   1.290400      -33.009800
   1.292700      -32.959600
   1.299601      -32.897800
   1.327101      -32.824200
   1.340799      -32.781700
   1.352301      -32.731300
   1.379801      -32.690599
   1.409601      -32.649900
   1.460001      -32.609200
   1.487501      -32.587799
   1.515001      -32.558699
   1.537901      -32.506300
   1.590601      -32.440199
   1.613600      -32.381899
   1.625002      -32.335199
   1.631903      -32.296299
   1.636499      -32.239799
   1.641100      -32.165800
   1.647902      -32.097500
   1.657103      -32.038900
   1.666300      -31.968599
   1.673201      -31.884600
   1.680002      -31.821999
   1.746500      -31.694700
   1.764799      -31.629999
   1.783201      -31.580900
   1.831301      -31.527899
   1.904699      -31.498499
   1.945902      -31.512199
   1.982599      -31.537800
   2.035299      -31.557400
   2.101801      -31.592699
   2.161402      -31.600599
   2.204901      -31.590799
   2.227800      -31.539700
   2.239302      -31.508299
   2.248503      -31.476900
   2.255301      -31.437599
   2.269102      -31.408100
   2.292002      -31.396299
   2.330999      -31.396299
   2.365301      -31.390400
   2.390600      -31.372700
   2.402002      -31.339300
   2.395102      -31.307800
   2.388300      -31.286100
   2.381399      -31.258600
   2.367601      -31.225100
   2.374502      -31.142399
   2.365301      -31.112799
   2.328699      -31.097000
   2.280500      -31.120699
   2.246202      -31.138399
   2.195700      -31.160099
   2.113199      -31.162100
   2.042200      -31.179800
   1.994001      -31.201500
   1.950502      -31.221199
   1.897802      -31.272400
   1.849600      -31.323500
   1.799200      -31.351099
   1.751101      -31.360899
   1.673201      -31.382599
   1.606703      -31.406099
   1.560900      -31.414000
   1.535601      -31.398300
   1.526503      -31.353100
   1.554003      -31.296000
   1.625002      -31.266500
   1.691500      -31.233000
   1.758001      -31.219200
   1.851900      -31.185699
   1.895502      -31.162100
   1.941301      -31.136400
   2.010099      -31.091099
   2.058203      -31.063499
   2.101801      -31.025999
   2.152201      -30.994400
   2.175100      -30.962799
   2.234701      -30.822399
   2.262201      -30.763100
   2.264502      -30.677900
   2.266802      -30.624399
   2.271402      -30.582800
   2.271402      -30.545099
   2.264502      -30.505400
   2.255301      -30.424000
   2.230101      -30.354500
   2.220900      -30.306700
   2.200300      -30.253000
   2.177401      -30.193300
   2.156801      -30.129599
   2.131601      -30.087700
   2.122400      -30.065800
   2.104101      -30.023899
   2.087999      -29.977999
   2.069700      -29.938099
   2.019300      -29.922199
   1.984900      -29.908199
   1.955099      -29.884199
   1.934401      -29.866199
   1.897802      -29.830299
   1.847403      -29.774300
   1.810701      -29.716299
   1.787802      -29.676300
   1.769400      -29.616199
   1.737303      -29.521999
   1.709803      -29.453800
   1.691500      -29.303299
   1.693800      -29.240999
   1.705202      -29.184700
   1.721300      -29.138399
   1.753401      -29.112299
   1.796900      -29.045799
   1.884001      -28.975300
   1.945902      -28.908800
   1.987200      -28.868399
   2.012400      -28.836100
   2.049002      -28.751299
   2.081102      -28.733200
   2.104101      -28.712900
   2.138399      -28.686699
   2.184301      -28.662399
   2.220900      -28.670500
   2.239302      -28.694799
   2.264502      -28.743200
   2.280500      -28.761400
   2.289701      -28.777599
   2.324102      -28.809900
   2.360800      -28.813900
   2.397402      -28.769499
   2.413500      -28.725100
   2.447901      -28.692699
   2.507402      -28.601799
   2.505201      -28.553200
   2.489100      -28.506599
   2.479902      -28.435699
   2.496000      -28.385099
   2.502901      -28.360800
   2.532701      -28.316099
   2.557901      -28.269499
   2.553301      -28.216700
   2.548700      -28.180199
   2.541800      -28.143600
   2.537203      -28.096899
   2.528101      -27.984999
   2.539499      -27.930099
   2.551001      -27.901600
   2.571600      -27.850599
   2.596800      -27.795599
   2.631201      -27.714100
   2.651800      -27.669199
   2.686201      -27.599800
   2.725203      -27.532400
   2.773302      -27.475100
   2.858103      -27.409700
   2.915400      -27.381100
   2.986502      -27.327799
   3.059801      -27.243900
   3.105700      -27.139299
   3.128599      -27.069599
   3.146902      -27.007999
   3.153799      -26.950499
   3.156099      -26.907400
   3.144602      -26.853899
   3.130899      -26.800499
   3.126303      -26.747000
   3.130899      -26.703800
   3.174402      -26.580200
   3.195002      -26.516300
   3.206499      -26.452299
   3.192801      -26.367699
   3.192801      -26.312000
   3.199602      -26.247900
   3.220301      -26.204500
   3.247801      -26.148600
   3.298201      -26.072100
   3.362402      -26.005800
   3.399000      -25.983000
   3.451799      -25.937500
   3.534300      -25.927099
   3.587000      -25.952000
   3.628202      -25.985100
   3.669500      -26.028599
   3.685499      -26.059700
   3.699301      -26.113499
   3.712999      -26.183800
   3.717600      -26.239599
   3.717600      -26.326399
   3.736002      -26.380100
   3.756601      -26.452299
   3.795603      -26.491499
   3.843702      -26.507999
   3.873503      -26.499800
   3.919302      -26.489500
   3.955999      -26.493599
   3.976603      -26.514200
   4.043100      -26.545099
   4.086599      -26.530699
   4.107302      -26.499800
   4.114100      -26.468800
   4.111799      -26.421400
   4.109602      -26.378000
   4.111799      -26.334700
   4.116400      -26.264399
   4.137102      -26.231400
   4.171400      -26.194199
   4.221903      -26.144499
   4.249399      -26.090700
   4.283701      -26.005800
   4.352503      -25.933300
   4.419001      -25.885599
   4.499201      -25.858700
   4.643602      -25.833799
   4.776503      -25.786100
   4.879702      -25.738300
   4.989702      -25.642799
   5.076799      -25.542999
   5.127199      -25.428600
   5.161600      -25.343199
   5.175303      -25.264099
   5.175303      -25.241100
   5.157000      -25.197399
   5.147802      -25.155600
   5.124903      -25.109699
   5.090502      -25.036699
   5.051600      -24.969799
   5.035501      -24.900900
   5.042402      -24.823500
   5.079100      -24.754499
   5.063002      -24.718899
   5.058401      -24.649799
   5.001101      -24.622499
   4.946100      -24.612000
   4.907202      -24.607800
   4.852201      -24.580599
   4.829203      -24.567999
   4.797201      -24.503000
   4.767401      -24.442200
   4.749002      -24.385500
   4.730700      -24.324600
   4.700899      -24.204899
   4.680300      -24.137600
   4.664202      -24.053400
   4.639002      -23.971300
   4.616102      -23.908100
   4.588602      -23.865900
   4.549601      -23.819599
   4.510702      -23.743599
   4.476301      -23.678200
   4.464800      -23.602200
   4.471701      -23.507099
   4.478601      -23.477499
   4.501501      -23.403500
   4.503801      -23.340000
   4.496901      -23.303999
   4.480902      -23.253199
   4.476301      -23.223600
   4.480902      -23.170599
   4.492300      -23.058199
   4.556501      -22.947899
   4.590902      -22.869299
   4.618402      -22.833200
   4.739901      -22.748199
   4.824701      -22.667400
   4.888800      -22.603600
   4.973600      -22.492899
   5.024099      -22.418299
   5.044703      -22.352200
   5.074499      -22.275400
   5.101999      -22.209299
   5.150103      -22.128199
   5.207399      -22.070499
   5.244101      -22.055500
   5.317400      -22.051300
   5.400000      -22.061899
   5.487101      -22.072599
   5.597101      -22.094000
   5.700201      -22.100399
   5.801100      -22.083300
   5.897303      -22.046999
   6.050901      -21.989300
   6.183802      -21.950800
   6.300699      -21.882399
   6.392401      -21.813900
   6.431402      -21.760399
   6.431402      -21.734699
   6.422201      -21.715399
   6.408400      -21.685400
   6.408400      -21.621099
   6.410700      -21.546099
   6.463400      -21.393799
   6.575800      -21.279999
   6.688101      -21.178999
   6.793501      -21.090799
   6.981401      -20.966000
   7.174002      -20.834600
   7.368799      -20.698799
   7.522303      -20.601700
   7.623201      -20.554199
   7.717199      -20.502399
   7.818003      -20.452700
   7.925699      -20.398699
   8.028902      -20.336000
   8.166403      -20.251699
   8.329100      -20.158600
   8.526201      -20.030899
   8.716501      -19.913799
   8.954802      -19.803200
   9.142801      -19.688200
   9.284903      -19.605700
   9.461401      -19.516600
   9.594301      -19.431799
   9.660803      -19.388399
>