>anchorPlateId 0
>reconstructionTime 0
>Ontong.gpml Hess.gpml broken_ridge.gpml centralKerguelen.gpml northKerguelen.gpml Manihiki.gpml Africa.gpml Shatsky.gpml elan.gpml madagascar.gpml southernKerguelen.gpml conrad.gpml Agrentine.gpml iceland.gpml Hikurangi2.gpml delCano.gpml Hikurangi.gpml antarctic.gpml MendelevRidge2.gpml MendelevRidge.gpml chagon.gpml
>
>LargeIgneousProvince <identity>GPlates-1464edea-7316-46fb-a035-b1d49d3acea3</identity> <revision>GPlates-dc14fb5c-5d4d-404b-b5d8-4cbd26cd0df7</revision>
> name 
> description RIO GRANDE RISE, SOUTH ATLANTIC OCEAN
> shapefileAttributes KeyValueDictionary ( PLATEID1,  201) ( TYPE,  VP) ( FROMAGE,  80) ( TOAGE,  0) ( NAME,  ) ( DESCR,  RIO GRANDE RISE, SOUTH ATLANTIC OCEAN) ( GPGIM_TYPE,  gpml:LargeIgneousProvince) ( FEATURE_ID,  GPlates-d6aa99ec-8da2-4c29-a69b-8a06b5dd5c46) ( REF,  Coffin, 2011 (PLATES project)) ( PLATEID2,  0) ( RECON_METH,  ) ( L_PLATE,  0) ( R_PLATE,  0) ( SPREAD_ASY,  0) ( IMPORT_AGE,  0)
> validTime TimePeriod <begin> TimeInstant <timePosition>80</timePosition></begin> <end> TimeInstant <timePosition>0</timePosition></end>
> reconstructionPlateId 201
> geometryImportTime TimeInstant <timePosition>0</timePosition>
> conjugatePlateId 0
> leftPlate 0
> rightPlate 0
> spreadingAsymmetry 0
  -30.760700      -28.105700
  -30.689800      -28.132000
  -30.644100      -28.164400
  -30.609800      -28.202999
  -30.596100      -28.255600
  -30.538900      -28.310299
  -30.431400      -28.372999
  -30.333099      -28.419500
  -30.230200      -28.468000
  -30.159300      -28.506399
  -30.099800      -28.538700
  -30.067799      -28.583200
  -30.012899      -28.637699
  -29.914499      -28.674000
  -29.784199      -28.696100
  -29.681299      -28.692099
  -29.557800      -28.681999
  -29.434299      -28.655800
  -29.400000      -28.645700
  -29.285599      -28.633600
  -29.207899      -28.649799
  -29.123199      -28.667900
  -29.098099      -28.724400
  -29.075199      -28.782799
  -29.056900      -28.853300
  -29.052399      -28.917700
  -29.056900      -28.996199
  -29.066099      -29.076599
  -29.086700      -29.168999
  -29.100399      -29.253199
  -29.125500      -29.315399
  -29.134699      -29.369499
  -29.146099      -29.427599
  -29.139299      -29.497599
  -29.155300      -29.563599
  -29.178099      -29.631599
  -29.189600      -29.675499
  -29.205599      -29.713499
  -29.219299      -29.761400
  -29.132399      -29.819199
  -29.020300      -29.886999
  -28.958599      -29.916899
  -28.906000      -29.970699
  -28.873999      -30.034399
  -28.860199      -30.088100
  -28.867100      -30.165600
  -28.892300      -30.253000
  -28.910599      -30.310600
  -28.942600      -30.374100
  -28.974600      -30.465200
  -28.995199      -30.538500
  -29.004299      -30.593899
  -28.999800      -30.637400
  -28.995199      -30.702700
  -28.921999      -30.823200
  -28.878500      -30.868500
  -28.825899      -30.927700
  -28.777899      -31.002600
  -28.759600      -31.055799
  -28.745899      -31.152199
  -28.739000      -31.232800
  -28.729900      -31.313400
  -28.729900      -31.421299
  -28.734499      -31.503599
  -28.734499      -31.593700
  -28.727600      -31.685699
  -28.725300      -31.781399
  -28.727600      -31.865400
  -28.743599      -31.955099
  -28.752800      -32.015600
  -28.766500      -32.091499
  -28.771099      -32.144100
  -28.750500      -32.196600
  -28.706999      -32.288000
  -28.663599      -32.332600
  -28.620100      -32.371500
  -28.588100      -32.410299
  -28.526300      -32.480099
  -28.476000      -32.522699
  -28.434900      -32.553699
  -28.405100      -32.611799
  -28.386799      -32.662100
  -28.398300      -32.704700
  -28.448599      -32.760700
  -28.494299      -32.809000
  -28.546900      -32.876600
  -28.594999      -32.984600
  -28.608700      -33.050100
  -28.624699      -33.129099
  -28.645300      -33.202200
  -28.686399      -33.273300
  -28.706999      -33.325100
  -28.732199      -33.424900
  -28.805399      -33.526499
  -28.853399      -33.614500
  -28.915100      -33.679600
  -28.958599      -33.719700
  -29.011200      -33.769400
  -29.047800      -33.809500
  -29.052399      -33.849600
  -28.995199      -33.878199
  -28.908300      -33.889599
  -28.816799      -33.904900
  -28.700199      -33.933500
  -28.622400      -33.924000
  -28.556099      -33.925900
  -28.464600      -33.956400
  -28.377699      -33.986900
  -28.267900      -33.996399
  -28.160400      -34.002100
  -28.068899      -34.013500
  -27.949999      -34.030699
  -27.904299      -34.040199
  -27.860800      -34.064899
  -27.849400      -34.097300
  -27.961500      -34.158199
  -28.036900      -34.169600
  -28.101000      -34.199999
  -28.176399      -34.217100
  -28.315899      -34.232300
  -28.457699      -34.243700
  -28.640699      -34.245600
  -28.748199      -34.251299
  -28.894499      -34.253199
  -29.027199      -34.260799
  -29.159800      -34.272200
  -29.287899      -34.275900
  -29.416000      -34.292999
  -29.541800      -34.289200
  -29.713299      -34.289200
  -29.866499      -34.272200
  -30.017500      -34.270300
  -30.154699      -34.283499
  -30.253000      -34.279699
  -30.362799      -34.260799
  -30.483999      -34.251299
  -30.591499      -34.245600
  -30.689800      -34.243700
  -30.767599      -34.234200
  -30.845400      -34.219000
  -30.939100      -34.175299
  -31.053499      -34.139099
  -31.115200      -34.137199
  -31.199799      -34.131500
  -31.277599      -34.118200
  -31.343899      -34.084000
  -31.407999      -34.057299
  -31.476599      -34.038300
  -31.524599      -34.032600
  -31.563499      -34.032600
  -31.636700      -33.942999
  -31.682400      -33.903000
  -31.716700      -33.874399
  -31.746399      -33.830500
  -31.753300      -33.792299
  -31.755600      -33.719700
  -31.714399      -33.635599
  -31.668699      -33.557100
  -31.629799      -33.511200
  -31.597799      -33.445999
  -31.540600      -33.369299
  -31.455999      -33.313599
  -31.396500      -33.275200
  -31.323299      -33.202200
  -31.284500      -33.119400
  -31.263899      -33.069399
  -31.250200      -33.019300
  -31.240999      -32.976900
  -31.247900      -32.934500
  -31.302799      -32.897800
  -31.394199      -32.868900
  -31.417099      -32.837999
  -31.433100      -32.758799
  -31.414799      -32.673700
  -31.419399      -32.567299
  -31.394199      -32.483999
  -31.362200      -32.400600
  -31.321100      -32.320999
  -31.272999      -32.237400
  -31.231899      -32.155800
  -31.197599      -32.070099
  -31.160999      -31.970800
  -31.122099      -31.904400
  -31.087799      -31.814699
  -31.083200      -31.740400
  -31.069500      -31.670000
  -31.035200      -31.595699
  -31.003199      -31.546700
  -30.955099      -31.521200
  -30.936800      -31.509499
  -30.897999      -31.513399
  -30.870499      -31.554499
  -30.863699      -31.617199
  -30.875099      -31.685699
  -30.884199      -31.757999
  -30.893400      -31.847799
  -30.907099      -31.937599
  -30.904800      -31.990200
  -30.884199      -32.060400
  -30.856800      -32.116800
  -30.822500      -32.161600
  -30.756199      -32.202400
  -30.730999      -32.214100
  -30.685299      -32.206299
  -30.623499      -32.204399
  -30.568600      -32.194700
  -30.557199      -32.165499
  -30.550299      -32.103199
  -30.561800      -32.042900
  -30.550299      -31.997999
  -30.548000      -31.945400
  -30.573200      -31.898600
  -30.616699      -31.859600
  -30.660099      -31.808800
  -30.717300      -31.757999
  -30.749300      -31.713100
  -30.769899      -31.671999
  -30.795000      -31.607399
  -30.806499      -31.548700
  -30.815599      -31.478100
  -30.788200      -31.364399
  -30.801899      -31.268200
  -30.776699      -31.209200
  -30.744699      -31.154200
  -30.703600      -31.101099
  -30.673800      -31.051800
  -30.630400      -30.953300
  -30.646400      -30.933599
  -30.698999      -30.868500
  -30.705900      -30.829100
  -30.689800      -30.757999
  -30.676100      -30.696800
  -30.646400      -30.631500
  -30.637199      -30.580099
  -30.628099      -30.522699
  -30.630400      -30.502899
  -30.637199      -30.459299
  -30.641800      -30.413700
  -30.618900      -30.344299
  -30.582399      -30.257000
  -30.570900      -30.199400
  -30.564100      -30.135799
  -30.568600      -30.090099
  -30.650999      -30.048300
  -30.744699      -30.034399
  -30.833900      -30.020399
  -30.914000      -30.008499
  -31.030600      -30.006500
  -31.103800      -30.008499
  -31.183800      -30.008499
  -31.275299      -30.002499
  -31.369099      -29.990599
  -31.451399      -29.980600
  -31.563499      -30.000500
  -31.595499      -29.964699
  -31.632099      -29.928799
  -31.684700      -29.886999
  -31.750999      -29.853100
  -31.824200      -29.785299
  -31.872200      -29.741400
  -31.890499      -29.677500
  -31.911100      -29.635599
  -31.943100      -29.595600
  -32.007200      -29.565599
  -32.082600      -29.549599
  -32.137499      -29.541599
  -32.224400      -29.545599
  -32.242699      -29.561600
  -32.254200      -29.621599
  -32.267900      -29.711500
  -32.290699      -29.795300
  -32.279299      -29.900900
  -32.274700      -30.008499
  -32.270199      -30.076099
  -32.270199      -30.143799
  -32.226700      -30.282799
  -32.190100      -30.370100
  -32.151199      -30.441500
  -32.116899      -30.487000
  -32.064299      -30.562300
  -32.011700      -30.643400
  -31.961399      -30.734299
  -31.927099      -30.813299
  -31.902000      -30.876400
  -31.867599      -30.949400
  -31.835600      -31.014399
  -31.787600      -31.091200
  -31.739599      -31.169899
  -31.691500      -31.228899
  -31.636700      -31.293699
  -31.600100      -31.342800
  -31.547499      -31.431099
  -31.520000      -31.482100
  -31.506300      -31.544800
  -31.499399      -31.599600
  -31.497200      -31.677900
  -31.515400      -31.722799
  -31.558899      -31.767799
  -31.618399      -31.830299
  -31.675499      -31.890800
  -31.734999      -31.945400
  -31.858500      -31.992199
  -32.011700      -32.077900
  -32.135199      -32.099300
  -32.196999      -32.153799
  -32.263300      -32.182999
  -32.311300      -32.233599
  -32.382200      -32.276300
  -32.446299      -32.309299
  -32.503399      -32.355900
  -32.574299      -32.408300
  -32.640699      -32.443300
  -32.750399      -32.489799
  -32.841900      -32.505299
  -32.931099      -32.518900
  -33.013399      -32.555700
  -33.091200      -32.594400
  -33.235300      -32.635000
  -33.333599      -32.669899
  -33.409100      -32.683399
  -33.473099      -32.710499
  -33.612600      -32.716299
  -33.681200      -32.754900
  -33.726999      -32.810999
  -33.765900      -32.861200
  -33.823000      -32.924799
  -33.891600      -32.959600
  -33.930500      -32.982700
  -34.008299      -33.017399
  -34.090599      -33.050100
  -34.175200      -33.077099
  -34.248400      -33.094400
  -34.346800      -33.105999
  -34.413099      -33.136799
  -34.493099      -33.194500
  -34.568600      -33.221399
  -34.660099      -33.244400
  -34.730999      -33.273300
  -34.776699      -33.294399
  -34.824699      -33.330900
  -34.847599      -33.361599
  -34.849899      -33.415300
  -34.861300      -33.467100
  -34.870499      -33.534100
  -34.907099      -33.635599
  -34.941399      -33.683399
  -34.996300      -33.757900
  -35.067200      -33.788500
  -35.119799      -33.790400
  -35.295900      -33.788500
  -35.437599      -33.799999
  -35.535999      -33.777000
  -35.659500      -33.734999
  -35.755499      -33.715900
  -35.810400      -33.698700
  -35.906500      -33.679600
  -36.052900      -33.620300
  -36.155800      -33.572399
  -36.256399      -33.516899
  -36.361599      -33.486200
  -36.464500      -33.444099
  -36.526300      -33.376900
  -36.574299      -33.298199
  -36.645199      -33.248299
  -36.686300      -33.215599
  -36.722900      -33.161800
  -36.789299      -33.094400
  -36.864700      -33.009699
  -36.901300      -32.951799
  -36.974499      -32.928699
  -37.013399      -32.888199
  -37.020300      -32.822599
  -37.056799      -32.739500
  -37.086599      -32.667900
  -37.123199      -32.607899
  -37.155199      -32.546000
  -37.175800      -32.491699
  -37.196400      -32.435499
  -37.235199      -32.359800
  -37.248999      -32.295700
  -37.301600      -32.200499
  -37.313000      -32.169399
  -37.344999      -32.126600
  -37.376999      -32.079899
  -37.424999      -32.015600
  -37.454800      -31.961000
  -37.525700      -31.908300
  -37.585100      -31.896599
  -37.635500      -31.877100
  -37.694899      -31.867399
  -37.772699      -31.869299
  -37.871000      -31.867399
  -37.937300      -31.892700
  -37.969400      -31.921999
  -38.001400      -32.025299
  -38.021999      -32.105200
  -38.047100      -32.163500
  -38.074600      -32.289900
  -38.115700      -32.359800
  -38.145500      -32.435499
  -38.159199      -32.495600
  -38.214100      -32.538200
  -38.266699      -32.596300
  -38.333000      -32.636999
  -38.435900      -32.660200
  -38.465599      -32.635000
  -38.527399      -32.604099
  -38.577700      -32.557600
  -38.618900      -32.491699
  -38.632599      -32.425800
  -38.660000      -32.326799
  -38.701199      -32.262699
  -38.742399      -32.194700
  -38.767500      -32.161600
  -38.840700      -32.095400
  -38.897900      -32.064299
  -38.959600      -32.021400
  -39.012199      -31.966900
  -39.076300      -31.920099
  -39.126600      -31.882999
  -39.128899      -31.785400
  -39.122000      -31.636799
  -39.105999      -31.576099
  -39.092300      -31.525200
  -39.067099      -31.446800
  -39.044199      -31.325100
  -39.035099      -31.250500
  -39.039700      -31.205299
  -39.053400      -31.144300
  -39.071699      -31.095100
  -39.101400      -31.053799
  -39.144899      -30.986799
  -39.192900      -30.939499
  -39.231800      -30.898100
  -39.252399      -30.844900
  -39.266100      -30.742199
  -39.263800      -30.669100
  -39.213499      -30.623600
  -39.156300      -30.572199
  -39.076300      -30.566200
  -39.032799      -30.538500
  -38.989399      -30.494900
  -38.950499      -30.453300
  -38.909300      -30.425600
  -38.888699      -30.379999
  -38.884199      -30.344299
  -38.881899      -30.288799
  -38.877300      -30.245100
  -38.854399      -30.187500
  -38.795000      -30.119900
  -38.767500      -30.109999
  -38.733200      -30.078100
  -38.703499      -30.068199
  -38.660000      -30.066200
  -38.660000      -30.064199
  -38.584600      -30.026400
  -38.518200      -29.972700
  -38.417599      -29.895000
  -38.289499      -29.817200
  -38.175200      -29.775299
  -38.053999      -29.713499
  -37.909899      -29.667500
  -37.797800      -29.615599
  -37.683500      -29.555599
  -37.539400      -29.485600
  -37.434200      -29.445599
  -37.315300      -29.407499
  -37.171200      -29.379499
  -36.974499      -29.345400
  -36.802999      -29.293299
  -36.686300      -29.287300
  -36.549099      -29.287300
  -36.359299      -29.287300
  -36.249500      -29.287300
  -36.071100      -29.279299
  -35.879000      -29.267300
  -35.817299      -29.261200
  -35.741800      -29.247200
  -35.606899      -29.231199
  -35.499399      -29.227100
  -35.343899      -29.217100
  -35.186100      -29.199099
  -35.126600      -29.192999
  -35.105999      -29.187000
  -35.007700      -29.140900
  -34.913900      -29.052500
  -34.854500      -29.012299
  -34.737799      -28.943899
  -34.607500      -28.901600
  -34.479399      -28.861399
  -34.312399      -28.833200
  -34.134100      -28.802999
  -33.971699      -28.758600
  -33.823000      -28.708300
  -33.704100      -28.661900
  -33.594299      -28.627600
  -33.505100      -28.617500
  -33.365599      -28.593300
  -33.178099      -28.589199
  -32.999699      -28.554899
  -32.956299      -28.560999
  -32.775600      -28.524599
  -32.617800      -28.492300
  -32.485100      -28.468000
  -32.350199      -28.425600
  -32.240400      -28.401300
  -32.192400      -28.401300
  -32.082600      -28.366899
  -32.039200      -28.344700
  -31.979700      -28.306200
  -31.913399      -28.269800
  -31.847099      -28.229300
  -31.803600      -28.202999
  -31.757900      -28.158400
  -31.725899      -28.115799
  -31.554300      -28.121899
  -31.460600      -28.129999
  -31.321100      -28.097500
  -31.236399      -28.081299
  -31.057999      -28.060999
  -30.879700      -28.081299
  -30.760700      -28.105700
>