>anchorPlateId 0
>reconstructionTime 0
>
>
>LargeIgneousProvince <identity>GPlates-b969c44c-8de3-44e2-b1f7-bedb0cf347aa</identity> <revision>GPlates-89ab9a53-d9de-4196-9106-afa7416d0943</revision>
> name Agulhas_Plateau
> description Indian
> shapefileAttributes KeyValueDictionary ( PLATEID1,  701) ( FROMAGE,  100) ( TOAGE,  -999) ( NAME,  Agulhas_Plateau) ( DESCR,  Indian) ( MatlabAr,  177718) ( AgeRef,  Parsiegla++_2008_GJI) ( AgeMethod,  Tectonic reconstruction) ( PBType,  MOR) ( Dist2PB,  0) ( GPGIM_TYPE,  gpml:LargeIgneousProvince) ( FEATURE_ID,  GPlates-638f0596-5a2d-4f5b-ad3b-94c99a3780ba) ( TYPE,  VP) ( IMPORT_AGE,  0) ( PLATEID2,  0) ( RECON_METH,  ) ( L_PLATE,  0) ( R_PLATE,  0) ( SPREAD_ASY,  0)
> validTime TimePeriod <begin> TimeInstant <timePosition>100</timePosition></begin> <end> TimeInstant <timePosition>http://gplates.org/times/distantFuture</timePosition></end>
> reconstructionPlateId 701
> geometryImportTime TimeInstant <timePosition>0</timePosition>
> conjugatePlateId 0
> leftPlate 0
> rightPlate 0
> spreadingAsymmetry 0
  27.447203      -38.678600
  27.263758      -38.637331
  27.080313      -38.596062
  26.896864      -38.554792
  26.713419      -38.513523
  26.529974      -38.472254
  26.346525      -38.430984
  26.163080      -38.389715
  25.979635      -38.348446
  25.796186      -38.307177
  25.612741      -38.265907
  25.429296      -38.224638
  25.245852      -38.183369
  25.062403      -38.142099
  24.953035      -38.035166
  24.843668      -37.928232
  24.734301      -37.821299
  24.714827      -37.626348
  24.695353      -37.431398
  24.675879      -37.236450
  24.656401      -37.041500
  24.828588      -36.970024
  25.000776      -36.898550
  25.172964      -36.827074
  25.345152      -36.755600
  25.517340      -36.684124
  25.689528      -36.612650
  25.861712      -36.541174
  26.033899      -36.469700
  26.200239      -36.438519
  26.366583      -36.407339
  26.532923      -36.376160
  26.699263      -36.344978
  26.865602      -36.313799
  27.000765      -36.422958
  27.135923      -36.532120
  27.271082      -36.641279
  27.406244      -36.750439
  27.541403      -36.859600
  27.710352      -36.879099
  27.879301      -36.898600
  28.048250      -36.918098
  28.217199      -36.937599
  28.269175      -37.080549
  28.321150      -37.223499
  28.373125      -37.366449
  28.425100      -37.509399
  28.379625      -37.684849
  28.334150      -37.860298
  28.288675      -38.035748
  28.243200      -38.211199
  28.152250      -38.328148
  28.061300      -38.445099
  27.907778      -38.503473
  27.754251      -38.561850
  27.600729      -38.620224
  27.447203      -38.678600
>LargeIgneousProvince <identity>GPlates-b969c44c-8de3-44e2-b1f7-bedb0cf347aa</identity> <revision>GPlates-89ab9a53-d9de-4196-9106-afa7416d0943</revision>
> name Agulhas_Plateau
> description Indian
> shapefileAttributes KeyValueDictionary ( PLATEID1,  701) ( FROMAGE,  100) ( TOAGE,  -999) ( NAME,  Agulhas_Plateau) ( DESCR,  Indian) ( MatlabAr,  177718) ( AgeRef,  Parsiegla++_2008_GJI) ( AgeMethod,  Tectonic reconstruction) ( PBType,  MOR) ( Dist2PB,  0) ( GPGIM_TYPE,  gpml:LargeIgneousProvince) ( FEATURE_ID,  GPlates-638f0596-5a2d-4f5b-ad3b-94c99a3780ba) ( TYPE,  VP) ( IMPORT_AGE,  0) ( PLATEID2,  0) ( RECON_METH,  ) ( L_PLATE,  0) ( R_PLATE,  0) ( SPREAD_ASY,  0)
> validTime TimePeriod <begin> TimeInstant <timePosition>100</timePosition></begin> <end> TimeInstant <timePosition>http://gplates.org/times/distantFuture</timePosition></end>
> reconstructionPlateId 701
> geometryImportTime TimeInstant <timePosition>0</timePosition>
> conjugatePlateId 0
> leftPlate 0
> rightPlate 0
> spreadingAsymmetry 0
  27.447203      -38.678600
  27.449770      -38.823166
  27.452337      -38.967731
  27.454901      -39.112299
  27.571875      -39.222775
  27.688852      -39.333248
  27.805826      -39.443724
  27.922800      -39.554199
  27.995581      -39.730938
  28.068361      -39.907679
  28.141142      -40.084419
  28.213919      -40.261158
  28.286699      -40.437899
  28.321333      -40.602499
  28.355967      -40.767099
  28.390600      -40.931700
  28.312624      -41.061674
  28.234652      -41.191648
  28.156675      -41.321625
  28.078699      -41.451599
  27.916250      -41.523073
  27.753801      -41.594549
  27.591349      -41.666023
  27.428900      -41.737499
  27.238962      -41.757492
  27.049025      -41.777483
  26.859087      -41.797476
  26.669146      -41.817469
  26.479208      -41.837461
  26.289270      -41.857452
  26.099333      -41.877445
  25.909391      -41.897438
  25.719454      -41.917431
  25.529516      -41.937422
  25.339579      -41.957415
  25.149637      -41.977407
  24.959700      -41.997400
  24.774057      -42.067942
  24.588415      -42.138485
  24.402773      -42.209028
  24.217131      -42.279572
  24.031488      -42.350113
  23.845842      -42.420656
  23.660200      -42.491199
  23.543203      -42.361250
  23.426203      -42.231300
  23.491201      -42.140350
  23.556200      -42.049400
  23.701017      -41.938000
  23.845831      -41.826599
  23.990644      -41.715200
  24.135458      -41.603800
  24.280275      -41.492399
  24.425089      -41.380999
  24.569902      -41.269600
  24.538137      -41.084778
  24.506369      -40.899956
  24.474604      -40.715132
  24.442835      -40.530310
  24.411070      -40.345488
  24.379305      -40.160666
  24.347536      -39.975843
  24.315771      -39.791021
  24.284002      -39.606199
  24.399103      -39.457670
  24.514204      -39.309141
  24.629301      -39.160614
  24.744402      -39.012085
  24.859503      -38.863556
  24.974604      -38.715027
  25.089701      -38.566500
  25.103334      -38.430698
  25.116968      -38.294899
  25.130602      -38.159100
  25.323652      -38.202391
  25.516703      -38.245682
  25.709753      -38.288975
  25.902803      -38.332266
  26.095854      -38.375557
  26.288904      -38.418850
  26.481955      -38.462141
  26.675005      -38.505432
  26.868052      -38.548725
  27.061102      -38.592016
  27.254152      -38.635307
  27.447203      -38.678600
>