>anchorPlateId 0
>reconstructionTime 0
>Ontong.gpml Hess.gpml broken_ridge.gpml centralKerguelen.gpml northKerguelen.gpml Manihiki.gpml Africa.gpml Shatsky.gpml elan.gpml madagascar.gpml southernKerguelen.gpml conrad.gpml Agrentine.gpml iceland.gpml Hikurangi2.gpml delCano.gpml Hikurangi.gpml antarctic.gpml MendelevRidge2.gpml MendelevRidge.gpml chagon.gpml
>
>LargeIgneousProvince <identity>GPlates-03784832-655b-4c37-b5f8-8ca184dd634d</identity> <revision>GPlates-482d617f-74de-4f72-8afa-482d43c092f5</revision>
> name 
> description 4000 METERS     ASTRID RIDGE (H. BERGH, 1987)
> shapefileAttributes KeyValueDictionary ( PLATEID1,  802) ( TYPE,  VP) ( FROMAGE,  155) ( TOAGE,  0) ( NAME,  ) ( DESCR,  4000 METERS     ASTRID RIDGE (H. BERGH, 1987)) ( GPGIM_TYPE,  gpml:LargeIgneousProvince) ( FEATURE_ID,  GPlates-68a41c33-9ec2-4197-9c9f-8a650eb2d2a2) ( REF,  Coffin, 2011 (PLATES project)) ( PLATEID2,  0) ( RECON_METH,  ) ( L_PLATE,  0) ( R_PLATE,  0) ( SPREAD_ASY,  0) ( IMPORT_AGE,  0)
> validTime TimePeriod <begin> TimeInstant <timePosition>155</timePosition></begin> <end> TimeInstant <timePosition>0</timePosition></end>
> reconstructionPlateId 802
> geometryImportTime TimeInstant <timePosition>0</timePosition>
> conjugatePlateId 0
> leftPlate 0
> rightPlate 0
> spreadingAsymmetry 0
  14.960001      -64.869999
  15.020002      -64.910000
  15.100000      -64.949999
  15.150000      -64.990000
  15.200003      -65.010000
  15.300001      -65.029999
  15.430002      -65.029999
  15.629999      -65.039999
  15.820002      -65.080000
  15.930002      -65.109999
  16.040003      -65.180000
  16.140001      -65.209999
  16.250002      -65.250000
  16.360003      -65.270000
  16.469999      -65.289999
  16.540003      -65.309999
  16.580000      -65.340000
  16.590002      -65.379999
  16.559999      -65.400000
  16.430002      -65.430000
  16.350000      -65.449999
  16.280001      -65.459999
  16.240000      -65.480000
  16.230001      -65.490000
  16.260000      -65.520000
  16.330000      -65.539999
  16.400000      -65.559999
  16.530001      -65.590000
  16.629999      -65.619999
  16.730001      -65.650000
  16.790003      -65.689999
  16.800001      -65.730000
  16.809999      -65.770000
  16.820002      -65.830000
  16.809999      -65.879999
  16.790003      -65.930000
  16.770002      -65.980000
  16.750002      -66.029999
  16.730001      -66.090000
  16.710001      -66.139999
  16.690001      -66.209999
  16.670000      -66.260000
  16.640001      -66.289999
  16.590002      -66.309999
  16.520002      -66.309999
  16.450003      -66.299999
  16.410002      -66.250000
  16.390001      -66.199999
  16.350000      -66.129999
  16.320002      -66.070000
  16.280001      -66.029999
  16.230001      -65.980000
  16.180002      -65.959999
  16.110003      -65.949999
  16.000002      -65.949999
  15.920000      -65.959999
  15.840002      -65.969999
  15.820002      -65.990000
  15.820002      -66.029999
  15.820002      -66.039999
  15.740000      -66.070000
  15.660002      -66.090000
  15.610003      -66.119999
  15.520002      -66.160000
  15.410002      -66.199999
  15.309999      -66.240000
  15.219999      -66.260000
  15.170000      -66.289999
  15.100000      -66.350000
  15.050001      -66.389999
  14.980001      -66.439999
  14.930002      -66.500000
  14.870001      -66.570000
  14.820002      -66.629999
  14.809999      -66.680000
  14.820002      -66.750000
  14.850000      -66.809999
  14.930002      -66.869999
  15.030001      -66.930000
  15.090002      -66.969999
  15.170000      -67.029999
  15.230001      -67.109999
  15.230001      -67.180000
  15.210001      -67.230000
  15.200003      -67.289999
  15.180002      -67.340000
  15.190001      -67.389999
  15.210001      -67.439999
  15.250002      -67.480000
  15.350000      -67.529999
  15.490000      -67.600000
  15.610003      -67.629999
  15.840002      -67.680000
  16.090002      -67.719999
  16.260000      -67.750000
  16.410002      -67.820000
  16.520002      -67.879999
  16.670000      -67.949999
  15.000002      -68.600000
  15.750002      -69.000000
  16.500002      -70.000000
  10.250002      -70.000000
  10.250002      -68.400000
   8.500002      -67.859999
   8.520002      -67.799999
   8.660002      -67.719999
   8.980001      -67.650000
   9.270002      -67.580000
   9.469999      -67.510000
   9.590002      -67.449999
   9.610003      -67.389999
   9.600000      -67.320000
   9.540003      -67.279999
   9.350000      -67.240000
   9.129999      -67.180000
   8.969999      -67.129999
   8.800001      -67.070000
   8.600000      -67.000000
   8.360003      -66.900000
   8.110003      -66.830000
   7.920000      -66.770000
   7.830000      -66.719999
   7.840002      -66.670000
   7.940001      -66.639999
   8.129999      -66.639999
   8.290003      -66.650000
   8.500002      -66.629999
   8.760000      -66.600000
   9.000002      -66.539999
   9.200003      -66.480000
   9.390001      -66.420000
   9.510000      -66.379999
   9.559999      -66.369999
   9.820002      -66.289999
  10.110003      -66.219999
  10.280001      -66.139999
  10.350000      -66.090000
  10.379999      -66.020000
  10.420000      -65.930000
  10.469999      -65.840000
  10.540003      -65.750000
  10.660002      -65.680000
  10.850000      -65.629999
  11.040003      -65.600000
  11.270002      -65.559999
  11.460001      -65.510000
  11.590002      -65.469999
  11.719999      -65.439999
  11.920000      -65.389999
  12.100000      -65.350000
  12.240000      -65.309999
  12.360003      -65.289999
  12.440001      -65.299999
  12.490000      -65.369999
  12.590002      -65.410000
  12.730001      -65.410000
  12.870001      -65.400000
  12.969999      -65.369999
  13.050001      -65.320000
  13.180002      -65.279999
  13.350000      -65.240000
  13.570002      -65.170000
  13.710001      -65.119999
  13.879999      -65.090000
  14.040003      -65.059999
  14.110003      -65.029999
  14.090002      -64.980000
  14.040003      -64.949999
  13.940001      -64.930000
  13.800001      -64.930000
  13.670000      -64.920000
  13.620001      -64.900000
  13.660002      -64.879999
  13.740000      -64.859999
  13.890001      -64.859999
  14.010000      -64.859999
  14.180002      -64.869999
  14.270002      -64.859999
  14.350000      -64.859999
  14.559999      -64.859999
  14.760000      -64.859999
  14.890001      -64.859999
  14.960001      -64.869999
>