>anchorPlateId 0
>reconstructionTime 0
>Ontong.gpml Hess.gpml broken_ridge.gpml centralKerguelen.gpml northKerguelen.gpml Manihiki.gpml Africa.gpml Shatsky.gpml elan.gpml madagascar.gpml southernKerguelen.gpml conrad.gpml Agrentine.gpml iceland.gpml Hikurangi2.gpml delCano.gpml Hikurangi.gpml antarctic.gpml MendelevRidge2.gpml MendelevRidge.gpml chagon.gpml
>
>LargeIgneousProvince <identity>GPlates-62a68ac6-de6a-4b98-97fe-eb2a381b81d4</identity> <revision>GPlates-8a40a302-54d6-4381-91d2-941e37c07518</revision>
> name BROKEN RIDGE, INDIAN OCEAN
> description 
> shapefileAttributes KeyValueDictionary ( PLATEID1,  774) ( TYPE,  VP) ( FROMAGE,  95) ( TOAGE,  0) ( NAME,  BROKEN RIDGE, INDIAN OCEAN) ( DESCR,  ) ( GPGIM_TYPE,  gpml:LargeIgneousProvince) ( FEATURE_ID,  GPlates-063ef436-d1fa-4aca-be79-4db32d567f1e) ( REF,  EarthByte Database) ( PLATEID2,  0) ( RECON_METH,  ) ( L_PLATE,  0) ( R_PLATE,  0) ( SPREAD_ASY,  0) ( IMPORT_AGE,  0)
> validTime TimePeriod <begin> TimeInstant <timePosition>95</timePosition></begin> <end> TimeInstant <timePosition>0</timePosition></end>
> reconstructionPlateId 774
> geometryImportTime TimeInstant <timePosition>0</timePosition>
> conjugatePlateId 0
> leftPlate 0
> rightPlate 0
> spreadingAsymmetry 0
  100.881701      -26.191200
  100.709501      -26.216000
  100.518900      -26.232599
  100.349001      -26.209799
  100.236502      -26.222300
  100.075800      -26.247099
  99.947203      -26.282299
  99.795603      -26.323700
  99.719900      -26.358900
  99.660200      -26.396099
  99.566000      -26.515999
  99.504000      -26.662600
  99.469603      -26.740900
  99.430502      -26.852200
  99.384600      -27.018900
  99.329500      -27.197699
  99.311102      -27.265400
  99.285902      -27.388500
  99.262899      -27.523699
  99.249102      -27.621899
  99.260599      -27.744499
  99.304201      -27.893600
  99.329500      -28.038300
  99.334101      -28.060699
  99.386900      -28.201199
  99.448900      -28.251999
  99.549902      -28.349600
  99.648703      -28.477499
  99.692301      -28.507900
  99.797899      -28.576899
  99.924200      -28.631599
  100.018400      -28.696400
  100.091902      -28.732800
  100.117102      -28.744999
  100.247999      -28.781399
  100.287001      -28.831999
  100.259501      -28.957199
  100.225000      -29.027899
  100.137800      -29.150900
  100.087301      -29.247700
  100.023001      -29.326199
  100.016100      -29.380499
  100.039000      -29.426699
  100.066603      -29.509100
  100.126303      -29.615499
  100.209002      -29.757900
  100.252600      -29.820000
  100.321501      -29.916000
  100.355902      -30.015999
  100.376600      -30.095900
  100.406401      -30.189699
  100.482203      -30.263500
  100.560301      -30.319300
  100.636000      -30.363100
  100.695803      -30.376999
  100.785299      -30.379000
  100.946001      -30.426800
  101.021799      -30.488400
  101.081499      -30.557999
  101.076902      -30.657299
  101.148100      -30.724800
  101.230803      -30.623600
  101.295099      -30.508299
  101.373102      -30.452599
  101.375402      -30.464600
  101.432802      -30.518299
  101.520102      -30.649399
  101.598200      -30.776400
  101.593599      -30.845699
  101.623400      -30.923000
  101.696901      -30.962599
  101.731302      -31.029800
  101.745100      -31.122700
  101.724501      -31.239199
  101.703802      -31.337799
  101.696901      -31.432299
  101.745100      -31.473700
  101.839300      -31.450100
  101.921900      -31.402800
  101.976999      -31.335800
  102.062002      -31.290499
  102.156099      -31.205599
  102.268702      -31.142500
  102.365103      -31.069399
  102.484503      -30.962599
  102.567202      -30.915100
  102.670500      -30.865499
  102.704901      -30.804100
  102.737101      -30.772400
  102.808302      -30.706999
  102.902399      -30.643400
  103.021799      -30.566000
  103.125101      -30.476500
  103.175699      -30.442699
  103.274401      -30.385000
  103.336401      -30.339199
  103.416800      -30.301300
  103.492502      -30.279400
  103.609602      -30.205599
  103.703802      -30.131800
  103.772699      -30.097900
  103.841600      -30.061899
  103.912703      -30.025999
  104.034403      -29.990000
  104.085001      -29.969999
  104.202101      -29.954000
  104.211302      -29.983999
  104.282400      -30.004000
  104.241102      -30.024000
  104.211302      -30.048000
  104.149302      -30.097900
  104.059702      -30.141800
  103.976999      -30.161800
  103.912703      -30.191700
  103.814001      -30.225599
  103.795603      -30.237499
  103.676203      -30.303299
  103.625700      -30.329199
  103.589003      -30.357100
  103.494802      -30.412800
  103.448900      -30.434700
  103.386900      -30.472500
  103.345602      -30.494400
  103.265200      -30.538099
  103.200899      -30.587799
  103.127401      -30.637499
  103.065401      -30.677200
  103.026400      -30.710899
  102.975901      -30.770399
  102.943701      -30.786299
  102.886301      -30.837799
  102.844999      -30.913099
  102.760000      -30.990299
  102.707201      -31.033800
  102.656702      -31.083200
  102.567202      -31.146400
  102.518900      -31.197800
  102.477602      -31.247099
  102.417902      -31.314100
  102.365103      -31.393000
  102.215799      -31.520899
  102.119402      -31.579899
  102.018400      -31.629000
  101.993101      -31.650600
  101.981600      -31.756699
  101.961000      -31.862499
  101.951799      -31.978100
  101.949499      -32.001600
  101.947203      -32.068100
  101.976999      -32.111099
  102.029802      -32.169699
  102.087301      -32.232199
  102.137800      -32.265299
  102.202101      -32.304300
  102.245703      -32.329700
  102.289301      -32.347200
  102.344400      -32.366699
  102.397200      -32.380400
  102.443201      -32.411600
  102.461500      -32.423199
  102.468401      -32.446600
  102.420202      -32.501099
  102.367399      -32.518600
  102.344400      -32.532200
  102.351301      -32.577000
  102.388102      -32.639200
  102.385801      -32.664400
  102.346701      -32.681900
  102.282400      -32.685799
  102.199800      -32.676100
  102.101000      -32.627499
  102.018400      -32.602200
  101.940302      -32.594500
  101.905901      -32.592499
  101.825502      -32.592499
  101.784201      -32.582800
  101.740499      -32.569199
  101.671602      -32.532200
  101.623400      -32.549700
  101.485601      -32.569199
  101.359400      -32.594500
  101.288202      -32.602200
  101.203199      -32.598400
  101.070002      -32.590599
  100.973600      -32.573099
  100.902399      -32.559500
  100.794500      -32.602200
  100.737101      -32.609999
  100.682001      -32.592499
  100.617701      -32.592499
  100.530401      -32.609999
  100.466101      -32.623600
  100.427099      -32.594500
  100.413301      -32.577000
  100.349001      -32.561399
  100.298502      -32.574999
  100.234201      -32.598400
  100.103300      -32.613899
  100.045900      -32.635300
  99.963301      -32.674099
  99.876001      -32.674099
  99.731302      -32.635300
  99.678499      -32.609999
  99.554502      -32.588600
  99.476500      -32.574999
  99.338701      -32.561399
  99.237700      -32.553600
  99.203199      -32.555599
  99.095301      -32.539999
  99.014902      -32.534199
  98.916201      -32.530300
  98.789900      -32.530300
  98.714102      -32.526400
  98.665899      -32.491400
  98.620001      -32.434900
  98.569502      -32.396000
  98.505201      -32.423199
  98.372000      -32.466099
  98.303102      -32.471899
  98.252600      -32.495300
  98.121702      -32.501099
  98.032202      -32.495300
  97.919600      -32.504999
  97.818602      -32.516699
  97.701502      -32.524500
  97.572901      -32.493299
  97.421400      -32.473900
  97.318003      -32.429100
  97.219301      -32.448500
  97.155001      -32.446600
  97.070002      -32.413500
  97.021799      -32.396000
  96.918501      -32.382299
  96.796801      -32.382299
  96.737101      -32.396000
  96.682001      -32.399900
  96.665899      -32.393999
  96.597002      -32.397900
  96.484503      -32.378399
  96.353601      -32.355000
  96.275499      -32.347200
  96.130899      -32.323900
  96.050501      -32.304300
  95.958700      -32.282900
  95.908102      -32.261400
  95.839300      -32.253599
  95.735903      -32.241899
  95.660200      -32.249699
  95.577501      -32.220400
  95.487902      -32.175600
  95.423700      -32.132599
  95.361601      -32.081800
  95.322599      -32.046600
  95.311102      -32.017200
  95.292803      -31.954599
  95.237700      -31.954599
  95.095301      -31.974199
  95.031000      -31.989799
  94.923101      -31.925200
  94.851900      -31.895800
  94.714102      -31.788000
  94.649801      -31.772299
  94.608500      -31.754700
  94.539602      -31.723299
  94.461500      -31.652599
  94.438601      -31.636900
  94.372000      -31.585800
  94.289301      -31.579899
  94.215799      -31.517000
  94.121702      -31.479599
  94.055101      -31.434299
  93.983900      -31.396900
  93.919600      -31.373299
  93.825502      -31.355499
  93.696901      -31.323999
  93.577501      -31.280600
  93.469603      -31.254999
  93.311102      -31.221399
  93.267500      -31.209600
  93.155001      -31.183899
  93.056299      -31.152300
  92.925402      -31.122700
  92.828901      -31.110899
  92.757799      -31.104900
  92.686602      -31.106899
  92.590101      -31.101000
  92.525801      -31.093100
  92.436300      -31.073299
  92.332899      -31.067400
  92.241102      -31.057499
  92.128599      -31.043600
  92.052801      -31.025900
  92.004602      -31.000200
  91.885202      -30.996199
  91.804800      -30.956600
  91.724501      -30.897200
  91.685400      -30.897200
  91.568300      -30.907099
  91.478800      -30.905199
  91.341002      -30.942799
  91.265200      -30.980400
  91.194002      -30.998199
  91.001101      -31.037699
  90.998899      -31.037699
  90.980501      -31.027800
  90.884001      -30.954700
  90.783003      -30.950699
  90.601603      -30.960600
  90.434000      -30.960600
  90.287001      -30.984299
  90.163000      -31.002100
  90.098700      -31.014000
  90.036699      -30.992199
  90.018400      -30.958599
  89.988501      -30.831900
  89.944902      -30.734699
  89.887503      -30.645399
  89.866800      -30.573900
  89.857599      -30.466600
  89.871401      -30.426800
  89.859900      -30.291399
  89.880602      -30.151800
  89.905901      -30.020000
  89.917299      -29.879999
  89.921900      -29.745800
  89.938002      -29.625500
  89.956400      -29.531200
  90.009199      -29.436800
  90.096399      -29.384499
  90.241102      -29.328199
  90.401800      -29.296000
  90.507502      -29.263800
  90.679701      -29.219400
  90.828901      -29.185200
  90.909300      -29.140900
  90.980501      -29.104599
  91.056299      -29.076300
  91.182501      -29.021900
  91.327200      -28.963299
  91.448900      -28.963299
  91.575201      -28.961300
  91.717600      -28.918900
  91.745100      -28.947100
  91.809401      -29.048100
  91.848402      -29.120699
  91.896700      -29.154999
  91.988501      -29.195299
  92.096399      -29.207399
  92.174501      -29.179199
  92.261801      -29.096500
  92.305403      -29.056200
  92.394899      -28.973400
  92.438601      -28.886499
  92.440901      -28.882500
  92.454702      -28.831999
  92.484503      -28.755100
  92.484503      -28.661999
  92.445501      -28.572800
  92.390402      -28.441000
  92.353601      -28.390200
  92.342100      -28.337400
  92.321501      -28.251999
  92.332899      -28.160500
  92.323801      -28.077000
  92.314600      -28.009800
  92.300802      -27.928200
  92.300802      -27.832399
  92.298502      -27.730200
  92.296202      -27.630100
  92.287001      -27.560499
  92.293901      -27.513399
  92.287001      -27.435600
  92.273199      -27.374100
  92.275499      -27.300299
  92.303102      -27.238800
  92.353601      -27.248999
  92.415602      -27.365900
  92.452402      -27.478600
  92.500601      -27.636200
  92.514402      -27.746599
  92.537302      -27.820099
  92.576300      -27.911900
  92.594702      -27.936399
  92.629202      -27.954800
  92.640600      -27.883400
  92.670500      -27.842600
  92.702600      -27.822100
  92.727900      -27.846600
  92.746302      -27.820099
  92.764601      -27.760899
  92.780703      -27.736399
  92.785299      -27.730200
  92.828901      -27.715900
  92.828901      -27.793600
  92.826601      -27.891500
  92.840403      -28.005699
  92.858801      -28.077000
  92.890902      -28.146299
  92.902399      -28.266300
  92.913900      -28.327200
  92.973600      -28.369900
  93.072302      -28.349600
  93.136602      -28.280500
  93.212400      -28.239799
  93.357100      -28.154400
  93.409903      -28.150299
  93.469603      -28.150299
  93.545301      -28.115700
  93.584402      -28.040400
  93.685400      -27.934399
  93.722200      -27.948599
  93.811701      -27.993500
  93.880602      -28.068899
  93.905901      -28.156399
  93.931101      -28.227600
  93.983900      -28.274399
  94.082701      -28.182899
  94.165300      -28.101500
  94.284700      -28.081100
  94.434000      -28.091299
  94.567202      -28.095400
  94.718702      -28.085199
  94.856501      -28.058699
  94.952902      -28.028099
  95.010302      -28.011799
  95.063101      -28.003700
  95.145800      -28.003700
  95.237700      -28.081100
  95.354799      -28.060699
  95.485601      -27.985300
  95.543100      -27.930300
  95.650999      -27.850700
  95.761202      -27.803799
  95.839300      -27.773100
  95.919600      -27.748600
  96.027601      -27.742500
  96.059702      -27.764999
  96.006903      -27.791500
  95.919600      -27.801699
  95.924200      -27.846600
  96.023001      -27.879299
  96.114801      -27.938499
  96.204401      -28.007799
  96.275499      -28.087200
  96.296202      -28.154400
  96.326101      -28.203199
  96.332899      -28.284599
  96.314600      -28.367899
  96.309999      -28.441000
  96.328402      -28.475500
  96.362803      -28.522100
  96.456900      -28.548500
  96.558001      -28.564699
  96.679701      -28.597099
  96.815203      -28.615400
  96.893202      -28.621500
  96.936899      -28.696400
  96.957502      -28.787500
  97.014902      -28.840000
  97.044802      -28.825899
  97.097601      -28.769300
  97.134302      -28.712599
  97.189402      -28.672100
  97.240000      -28.712599
  97.175699      -28.765200
  97.143499      -28.862299
  97.141199      -28.902700
  97.191702      -28.924900
  97.260599      -28.842100
  97.336401      -28.720699
  97.377703      -28.672100
  97.469603      -28.635599
  97.561399      -28.558599
  97.719900      -28.459200
  97.841600      -28.335400
  97.958700      -28.243900
  98.052801      -28.172699
  98.160700      -28.099400
  98.206701      -28.054600
  98.300802      -27.966999
  98.390402      -27.918100
  98.420202      -27.842600
  98.498301      -27.799700
  98.574102      -27.734299
  98.649801      -27.664799
  98.698000      -27.587099
  98.723303      -27.525700
  98.776102      -27.445900
  98.822001      -27.376200
  98.870302      -27.304399
  98.932302      -27.212099
  98.950602      -27.183300
  98.994303      -27.097000
  99.021799      -27.012699
  99.047102      -26.944799
  99.047102      -26.899599
  99.031000      -26.796600
  99.026400      -26.709999
  98.920801      -26.703800
  98.815203      -26.794500
  98.760000      -26.860399
  98.668200      -26.953100
  98.569502      -27.025099
  98.450102      -27.084700
  98.321501      -27.195599
  98.188299      -27.294100
  98.114801      -27.324900
  98.023001      -27.384399
  97.896700      -27.376200
  97.919600      -27.333099
  98.085001      -27.222300
  98.209002      -27.129900
  98.335199      -27.043600
  98.429399      -26.944799
  98.479902      -26.885099
  98.528101      -26.825399
  98.546499      -26.759499
  98.498301      -26.773899
  98.420202      -26.808899
  98.328402      -26.804800
  98.351301      -26.732700
  98.466101      -26.674900
  98.592402      -26.615099
  98.675100      -26.549000
  98.792200      -26.458099
  98.842699      -26.416800
  98.927702      -26.348499
  99.044802      -26.216000
  99.102201      -26.137299
  99.173403      -26.050200
  99.212400      -26.002499
  99.258303      -25.971399
  99.373102      -25.877899
  99.370802      -25.817699
  99.448900      -25.734499
  99.561399      -25.634600
  99.653299      -25.553400
  99.719900      -25.513899
  99.756601      -25.474300
  99.797899      -25.453400
  99.976999      -25.374199
  100.103300      -25.265600
  100.245703      -25.167400
  100.328402      -25.123600
  100.489100      -25.031500
  100.523500      -24.996000
  100.624601      -24.811699
  100.665899      -24.711000
  100.734800      -24.566200
  100.806002      -24.587200
  100.787600      -24.717300
  100.764601      -24.843100
  100.771502      -24.949900
  100.819700      -25.002199
  100.881701      -25.056599
  100.890902      -25.111000
  100.971300      -25.152800
  101.035601      -25.202999
  100.957502      -25.282299
  100.854200      -25.321999
  100.824301      -25.369999
  100.902399      -25.388800
  100.973600      -25.455500
  100.952902      -25.561800
  100.909300      -25.620100
  100.900103      -25.661699
  100.941401      -25.690800
  100.987402      -25.713699
  100.996599      -25.805199
  101.026400      -25.909100
  101.019503      -25.996300
  100.962099      -26.133200
  100.881701      -26.191200
>