>anchorPlateId 0
>reconstructionTime 0
>WestPacificLIP.gpml Tutamounts_seamounts.gpml CoralSeaLIP.gpml PacificSeaMounts_b.gpml PacificSeaMounts_a.gpml PacificSeaMounts_c.gpml CanningBasin.gpml Kerguelen_plateau.gpml NorthAtlanticLIP.gpml
>Global_EB_250-0Ma_GK07_Matthews++.rot Global_EB_410-250Ma_GK07_Matthews++.rot Global_EB_410-250Ma_GK07_Matthews++.rot Global_EB_250-0Ma_GK07_Matthews++.rot
>LargeIgneousProvince <identity>GPlates-b72ff084-c4ba-4f3e-a2fa-bd81488fae8b</identity> <revision>GPlates-a156572d-f555-4d2f-861b-b05c221d7966</revision>
> name 
> description BREAKUP BASALTS, NW AUSTRALIAN SHELF
> shapefileAttributes KeyValueDictionary ( PLATEID1,  801) ( TYPE,  VP) ( FROMAGE,  160) ( TOAGE,  0) ( NAME,  ) ( DESCR,  BREAKUP BASALTS, NW AUSTRALIAN SHELF) ( GPGIM_TYPE,  gpml:LargeIgneousProvince) ( FEATURE_ID,  GPlates-e250fb5b-0064-4dff-8d54-af177d40843c) ( REF,  Coffin, 2011 (PLATES project)) ( PLATEID2,  0) ( RECON_METH,  ) ( L_PLATE,  0) ( R_PLATE,  0) ( SPREAD_ASY,  0) ( IMPORT_AGE,  0)
> validTime TimePeriod <begin> TimeInstant <timePosition>160</timePosition></begin> <end> TimeInstant <timePosition>0</timePosition></end>
> reconstructionPlateId 801
> geometryImportTime TimeInstant <timePosition>0</timePosition>
> conjugatePlateId 0
> leftPlate 0
> rightPlate 0
> spreadingAsymmetry 0
  122.959299      -11.941500
  123.275400      -12.235699
  123.339102      -12.279499
  123.393999      -12.323999
  123.447401      -12.354099
  123.509401      -12.409500
  123.554800      -12.477999
  123.555403      -12.544399
  123.554102      -12.651600
  123.558001      -12.781500
  123.565401      -12.856100
  123.585600      -12.909399
  123.606501      -12.939499
  123.664301      -12.980900
  123.731802      -13.030100
  123.801203      -13.096500
  123.843000      -13.185600
  123.895502      -13.262199
  123.903902      -13.345499
  123.913500      -13.440300
  123.901503      -13.528400
  123.875200      -13.652500
  123.848303      -13.712799
  123.825201      -13.810600
  123.771200      -13.928400
  123.732901      -13.995499
  123.661001      -14.085899
  123.587900      -14.225599
  123.547003      -14.327900
  123.533503      -14.372599
  123.487501      -14.454899
  123.438601      -14.476500
  123.362200      -14.555500
  123.267702      -14.604099
  123.181200      -14.643299
  123.104300      -14.687399
  122.938200      -14.712700
  122.872499      -14.718100
  122.738100      -14.665100
  122.675303      -14.606300
  122.637102      -14.551300
  122.617800      -14.474499
  122.621801      -14.389999
  122.622602      -14.302799
  122.610399      -14.173199
  122.611403      -14.088999
  122.600100      -14.031900
  122.570803      -14.008099
  122.526201      -14.011700
  122.514299      -14.012699
  122.426203      -14.031399
  122.357702      -14.068699
  122.264299      -14.096399
  122.179102      -14.082899
  122.113401      -14.053200
  122.071802      -14.056499
  121.951300      -14.083300
  121.904402      -14.127600
  121.894400      -14.183500
  121.911001      -14.234400
  121.916502      -14.294899
  121.942301      -14.348000
  121.981600      -14.417500
  122.065599      -14.448700
  122.130201      -14.498800
  122.168100      -14.550999
  122.192602      -14.621599
  122.198702      -14.687899
  122.184401      -14.761700
  122.166903      -14.832699
  122.107801      -14.910000
  122.022402      -14.997999
  121.970800      -15.060099
  121.867300      -15.181499
  121.807199      -15.218000
  121.772303      -15.232300
  121.689802      -15.253199
  121.582399      -15.267200
  121.525999      -15.277300
  121.404902      -15.306700
  121.346201      -15.325699
  121.262503      -15.334799
  121.202002      -15.333500
  121.136103      -15.338299
  121.077902      -15.328100
  120.988703      -15.308500
  120.877401      -15.275900
  120.785299      -15.256500
  120.709600      -15.253199
  120.606401      -15.208300
  120.533899      -15.242500
  120.433901      -15.272900
  120.374502      -15.320700
  120.330202      -15.332500
  120.269300      -15.325100
  120.218302      -15.328699
  120.151300      -15.394400
  120.080702      -15.454399
  120.015100      -15.502600
  119.939199      -15.533899
  119.869402      -15.605499
  119.818502      -15.649599
  119.743601      -15.695400
  119.695501      -15.698599
  119.649302      -15.687199
  119.593401      -15.667700
  119.524900      -15.602499
  119.452700      -15.566700
  119.372103      -15.499399
  119.322302      -15.479399
  119.258402      -15.472000
  119.174299      -15.477499
  119.089003      -15.506300
  118.978399      -15.519199
  118.895102      -15.495499
  118.816702      -15.454100
  118.718599      -15.390600
  118.687403      -15.334499
  118.679701      -15.311800
  118.683702      -15.241899
  118.712603      -15.184900
  118.768999      -15.132000
  118.861502      -15.079700
  118.919500      -15.049900
  118.952402      -15.007200
  118.951502      -14.955000
  118.945601      -14.874100
  118.939199      -14.787500
  118.932302      -14.695200
  118.924200      -14.585499
  118.930201      -14.504000
  118.935801      -14.416700
  118.943201      -14.355400
  119.018000      -14.272299
  119.095701      -14.229599
  119.201300      -14.199499
  119.289801      -14.182100
  119.319002      -14.171400
  119.327700      -14.167999
  119.333300      -14.083599
  119.330900      -14.051899
  119.321001      -14.000399
  119.306601      -13.928900
  119.301100      -13.856899
  119.308802      -13.760899
  119.320501      -13.678999
  119.340300      -13.585100
  119.364302      -13.508299
  119.427401      -13.396999
  119.496202      -13.282499
  119.553602      -13.215000
  119.662302      -13.080400
  119.749002      -12.970499
  119.832003      -12.889700
  119.883699      -12.828300
  119.867502      -12.812099
  119.824602      -12.757200
  119.794100      -12.710199
  119.775801      -12.627699
  119.752703      -12.559999
  119.733999      -12.434299
  119.730303      -12.310400
  119.801702      -12.198799
  119.873602      -12.095699
  119.945902      -11.998400
  120.016302      -11.915699
  120.119001      -11.793100
  120.194700      -11.741699
  120.241899      -11.703800
  120.298403      -11.708399
  120.345301      -11.739599
  120.374102      -11.766399
  120.409502      -11.801300
  120.487001      -11.844799
  120.571802      -11.904999
  120.667501      -11.952799
  120.741602      -12.025299
  120.834299      -12.070400
  120.938299      -12.074299
  121.038202      -12.063999
  121.166700      -12.042799
  121.252100      -12.036400
  121.368299      -12.010300
  121.483801      -11.975500
  121.572901      -11.910999
  121.641001      -11.876900
  121.716299      -11.824900
  121.815001      -11.802799
  121.899500      -11.787600
  122.016600      -11.740900
  122.144602      -11.716299
  122.258699      -11.701399
  122.382299      -11.694399
  122.498701      -11.705200
  122.641302      -11.742599
  122.743902      -11.794800
  122.959299      -11.941500
>