>anchorPlateId 0
>reconstructionTime 0
>Caribbean.gpml
>
>LargeIgneousProvince <identity>GPlates-e671e457-68c8-48a2-8318-77708683fb94</identity> <revision>GPlates-39f5327f-6883-46fe-8885-76dc3131bce8</revision>
> name Caribbean_Flood_Basalts
> description Pacific
> shapefileAttributes KeyValueDictionary ( PLATEID1,  973) ( FROMAGE,  94) ( TOAGE,  -999) ( NAME,  Caribbean_Flood_Basalts) ( DESCR,  Pacific) ( MatlabAr,  903131) ( AgeRef,  Loewen++_2013_Gcubed) ( AgeMethod,  Ar/Ar) ( PBType,  MOR) ( Dist2PB,  1004) ( GPGIM_TYPE,  gpml:LargeIgneousProvince) ( FEATURE_ID,  GPlates-28f8365d-2ddd-4c8a-a23e-0a08f54db20b) ( TYPE,  VP) ( IMPORT_AGE,  0) ( PLATEID2,  0) ( RECON_METH,  ) ( L_PLATE,  0) ( R_PLATE,  0) ( SPREAD_ASY,  0)
> validTime TimePeriod <begin> TimeInstant <timePosition>94</timePosition></begin> <end> TimeInstant <timePosition>http://gplates.org/times/distantFuture</timePosition></end>
> reconstructionPlateId 973
> geometryImportTime TimeInstant <timePosition>0</timePosition>
> conjugatePlateId 0
> leftPlate 0
> rightPlate 0
> spreadingAsymmetry 0
  -73.606115      18.649736
  -73.430399      18.636301
  -73.236382      18.643202
  -73.042366      18.650103
  -72.848349      18.657003
  -72.654333      18.663904
  -72.460316      18.670801
  -72.266300      18.677702
  -72.114225      18.638453
  -71.962149      18.599203
  -71.810074      18.559954
  -71.657999      18.520700
  -71.510498      18.471025
  -71.362999      18.421350
  -71.215498      18.371675
  -71.067999      18.322001
  -70.919670      18.216002
  -70.771341      18.110003
  -70.623013      18.004000
  -70.474684      17.898001
  -70.326355      17.792002
  -70.178028      17.686003
  -70.029699      17.580000
  -69.854622      17.545847
  -69.679544      17.511690
  -69.504465      17.477533
  -69.329388      17.443380
  -69.154310      17.409224
  -68.979233      17.375067
  -68.804155      17.340914
  -68.629078      17.306757
  -68.454000      17.272600
  -68.270800      17.270403
  -68.087599      17.268202
  -67.904400      17.266001
  -67.721199      17.263803
  -67.537998      17.261602
  -67.354799      17.259401
  -67.171598      17.257204
  -66.988398      17.255003
  -66.805199      17.252802
  -66.612680      17.273367
  -66.420162      17.293932
  -66.227644      17.314493
  -66.035126      17.335058
  -65.842607      17.355619
  -65.650089      17.376184
  -65.457571      17.396749
  -65.265053      17.417311
  -65.072536      17.437876
  -64.880018      17.458441
  -64.687500      17.479002
  -64.526939      17.461443
  -64.366379      17.443880
  -64.205818      17.426321
  -64.045259      17.408762
  -63.884699      17.391199
  -63.864882      17.222033
  -63.845066      17.052866
  -63.825249      16.883699
  -63.805433      16.714533
  -63.785616      16.545366
  -63.765800      16.376200
  -63.782822      16.197134
  -63.799845      16.018068
  -63.816866      15.839003
  -63.833889      15.659933
  -63.850910      15.480867
  -63.867931      15.301802
  -63.884954      15.122736
  -63.901976      14.943666
  -63.918999      14.764601
  -64.015064      14.593767
  -64.111132      14.422934
  -64.207199      14.252100
  -64.372513      14.139715
  -64.537827      14.027330
  -64.703142      13.914946
  -64.868456      13.802557
  -65.033770      13.690172
  -65.199083      13.577787
  -65.364399      13.465403
  -65.529713      13.353018
  -65.695026      13.240629
  -65.860342      13.128244
  -66.025656      13.015860
  -66.190969      12.903475
  -66.356283      12.791086
  -66.521599      12.678701
  -66.707462      12.745150
  -66.893326      12.811594
  -67.079189      12.878038
  -67.265053      12.944483
  -67.450916      13.010931
  -67.636780      13.077375
  -67.822643      13.143820
  -68.008507      13.210264
  -68.194372      13.276712
  -68.380236      13.343157
  -68.566099      13.409601
  -68.760719      13.441603
  -68.955339      13.473600
  -69.149958      13.505602
  -69.344578      13.537603
  -69.539198      13.569601
  -69.733818      13.601603
  -69.928438      13.633600
  -70.123058      13.665602
  -70.317678      13.697603
  -70.512299      13.729601
  -70.706270      13.716791
  -70.900244      13.703985
  -71.094217      13.691175
  -71.288189      13.678366
  -71.482162      13.665556
  -71.676136      13.652746
  -71.870108      13.639940
  -72.064081      13.627131
  -72.258053      13.614321
  -72.452026      13.601511
  -72.646000      13.588701
  -72.770266      13.540201
  -72.894531      13.491701
  -73.018799      13.443201
  -73.156984      13.308302
  -73.295170      13.173403
  -73.433355      13.038500
  -73.571541      12.903601
  -73.709726      12.768702
  -73.847914      12.633802
  -73.986099      12.498899
  -74.108448      12.476450
  -74.230799      12.454000
  -74.397243      12.538778
  -74.563688      12.623556
  -74.730131      12.708334
  -74.896576      12.793112
  -75.063021      12.877890
  -75.229465      12.962667
  -75.395910      13.047445
  -75.562355      13.132223
  -75.728800      13.217001
  -75.890598      13.218676
  -76.052399      13.220350
  -76.214199      13.222025
  -76.375999      13.223700
  -76.528831      13.107035
  -76.681665      12.990370
  -76.834499      12.873701
  -76.987331      12.757036
  -77.140165      12.640371
  -77.292999      12.523703
  -77.369623      12.390303
  -77.446249      12.256903
  -77.522873      12.123503
  -77.599499      11.990103
  -77.549932      11.860170
  -77.500366      11.730238
  -77.450800      11.600302
  -77.326933      11.471621
  -77.203066      11.342936
  -77.079199      11.214251
  -76.955332      11.085569
  -76.831467      10.956884
  -76.707600      10.828199
  -76.679399      10.656969
  -76.651199      10.485735
  -76.622999      10.314501
  -76.676350      10.138334
  -76.729698       9.962168
  -76.783049       9.786001
  -76.836399       9.609835
  -76.889750       9.433668
  -76.943100       9.257502
  -77.066479       9.152002
  -77.189859       9.046503
  -77.313240       8.941004
  -77.436619       8.835501
  -77.559999       8.730001
  -77.681999       8.846003
  -77.803999       8.962000
  -77.925999       9.078001
  -78.048000       9.194002
  -78.170000       9.309999
  -78.355713       9.351431
  -78.541428       9.392859
  -78.727142       9.434286
  -78.912857       9.475714
  -79.098570       9.517145
  -79.284285       9.558573
  -79.469999       9.600000
  -79.639999       9.520002
  -79.809999       9.440001
  -79.856665       9.310003
  -79.903332       9.180002
  -79.949999       9.050001
  -80.019999       9.155001
  -80.090000       9.260000
  -80.246666       9.186666
  -80.403332       9.113337
  -80.559999       9.040003
  -80.716665       8.966669
  -80.873331       8.893335
  -81.029999       8.820002
  -81.218332       8.850004
  -81.406666       8.880003
  -81.594999       8.910002
  -81.783333       8.940004
  -81.971666       8.970003
  -82.160000       9.000002
  -82.213333       9.133337
  -82.266666       9.266668
  -82.320000       9.400000
  -82.447578       9.545301
  -82.575159       9.690599
  -82.702740       9.835901
  -82.830320       9.981203
  -82.957899      10.126501
  -83.085480      10.271803
  -83.213060      10.417101
  -83.340639      10.562403
  -83.468220      10.707705
  -83.595800      10.853003
  -83.420954      10.945372
  -83.246109      11.037741
  -83.071264      11.130106
  -82.896418      11.222475
  -82.721573      11.314844
  -82.546726      11.407213
  -82.371881      11.499578
  -82.197035      11.591948
  -82.022190      11.684317
  -81.847345      11.776686
  -81.672499      11.869051
  -81.497654      11.961420
  -81.322807      12.053789
  -81.147963      12.146154
  -80.973118      12.238523
  -80.798271      12.330893
  -80.623426      12.423262
  -80.448580      12.515627
  -80.273735      12.607996
  -80.098890      12.700365
  -79.924044      12.792734
  -79.749199      12.885099
  -79.585772      12.987379
  -79.422344      13.089655
  -79.258917      13.191931
  -79.095491      13.294207
  -78.932064      13.396486
  -78.768637      13.498762
  -78.605209      13.601038
  -78.441784      13.703318
  -78.278357      13.805593
  -78.114929      13.907869
  -77.951502      14.010149
  -77.788076      14.112425
  -77.624649      14.214701
  -77.461222      14.316980
  -77.297794      14.419256
  -77.134367      14.521532
  -76.970942      14.623808
  -76.807514      14.726088
  -76.644087      14.828363
  -76.480659      14.930639
  -76.317234      15.032919
  -76.153807      15.135195
  -75.990379      15.237471
  -75.826952      15.339750
  -75.663527      15.442026
  -75.500099      15.544302
  -75.372782      15.691404
  -75.245466      15.838503
  -75.118149      15.985601
  -74.990833      16.132704
  -74.863516      16.279802
  -74.736200      16.426901
  -74.698866      16.575369
  -74.661531      16.723837
  -74.624199      16.872301
  -74.652143      17.063936
  -74.680088      17.255568
  -74.708033      17.447203
  -74.735977      17.638834
  -74.763922      17.830469
  -74.791866      18.022104
  -74.819811      18.213736
  -74.847755      18.405371
  -74.875700      18.597002
  -74.745365      18.636969
  -74.615032      18.676935
  -74.484699      18.716902
  -74.308983      18.703470
  -74.133265      18.690035
  -73.957548      18.676603
  -73.781832      18.663168
  -73.606115      18.649736
>