>anchorPlateId 0
>reconstructionTime 0
>Ontong.gpml Hess.gpml broken_ridge.gpml centralKerguelen.gpml northKerguelen.gpml Manihiki.gpml Africa.gpml Shatsky.gpml elan.gpml madagascar.gpml southernKerguelen.gpml conrad.gpml Agrentine.gpml iceland.gpml Hikurangi2.gpml delCano.gpml Hikurangi.gpml antarctic.gpml MendelevRidge2.gpml MendelevRidge.gpml chagon.gpml
>
>LargeIgneousProvince <identity>GPlates-bb39fefe-f413-4ed6-99f0-9263d771ab66</identity> <revision>GPlates-6a35644d-d340-4958-8af2-c969d8dc2c41</revision>
> name CENTRAL KERGUELEN
> description 
> shapefileAttributes KeyValueDictionary ( PLATEID1,  802) ( TYPE,  VP) ( FROMAGE,  95) ( TOAGE,  -999) ( NAME,  CENTRAL KERGUELEN) ( DESCR,  ) ( GPGIM_TYPE,  gpml:LargeIgneousProvince) ( FEATURE_ID,  GPlates-e7b40c4b-9809-480f-9863-8d171444b61c) ( REF,  EarthByte Database) ( PLATEID2,  0) ( RECON_METH,  ) ( L_PLATE,  0) ( R_PLATE,  0) ( SPREAD_ASY,  0) ( IMPORT_AGE,  0)
> validTime TimePeriod <begin> TimeInstant <timePosition>95</timePosition></begin> <end> TimeInstant <timePosition>http://gplates.org/times/distantFuture</timePosition></end>
> reconstructionPlateId 802
> geometryImportTime TimeInstant <timePosition>0</timePosition>
> conjugatePlateId 0
> leftPlate 0
> rightPlate 0
> spreadingAsymmetry 0
  66.663229      -51.999115
  66.718901      -51.976000
  66.779699      -51.951899
  66.854300      -51.924200
  66.948400      -51.877399
  67.072302      -51.823299
  67.128500      -51.794899
  67.216902      -51.764999
  67.297201      -51.733000
  67.353399      -51.706600
  67.441801      -51.665899
  67.540503      -51.628799
  67.642599      -51.575899
  67.754999      -51.532999
  67.830702      -51.502199
  67.870901      -51.475700
  67.922503      -51.444899
  67.981100      -51.417599
  68.110701      -51.374599
  68.178400      -51.338600
  68.262201      -51.294800
  68.349401      -51.246500
  68.419401      -51.201199
  68.513502      -51.141300
  68.580000      -51.092199
  68.600702      -51.082800
  68.683302      -51.032200
  68.757902      -50.991600
  68.842802      -50.955400
  68.907103      -50.922800
  68.983900      -50.886499
  69.058500      -50.848700
  69.121599      -50.814600
  69.182402      -50.794199
  69.254702      -50.802900
  69.363703      -50.763699
  69.417700      -50.730900
  69.472700      -50.699600
  69.518602      -50.682800
  69.576002      -50.671099
  69.646002      -50.644100
  69.706800      -50.606899
  69.759600      -50.564600
  69.797503      -50.550699
  69.820402      -50.534599
  69.876600      -50.497999
  69.946600      -50.458500
  69.996000      -50.428400
  70.061399      -50.407900
  70.094702      -50.363100
  70.141703      -50.346199
  70.177301      -50.336000
  70.239202      -50.314699
  70.336802      -50.263899
  70.400999      -50.228600
  70.479101      -50.189600
  70.541002      -50.151300
  70.585802      -50.113600
  70.623602      -50.088600
  70.673002      -50.042000
  70.738401      -49.976200
  70.763601      -49.954000
  70.813002      -49.902899
  70.841700      -49.869499
  70.873800      -49.812399
  70.905901      -49.772999
  70.930002      -49.744799
  70.987402      -49.661400
  71.011499      -49.623400
  71.048201      -49.577200
  71.098700      -49.512199
  71.145700      -49.468800
  71.169802      -49.450899
  71.200800      -49.418699
  71.231802      -49.385799
  71.263903      -49.348299
  71.298300      -49.299500
  71.319002      -49.253000
  71.324701      -49.201099
  71.302900      -49.156000
  71.274202      -49.101799
  71.260500      -49.072399
  71.260500      -49.071600
  71.254702      -49.041500
  71.243299      -48.997700
  71.242102      -48.949299
  71.239801      -48.931999
  71.234102      -48.876699
  71.234102      -48.835100
  71.236403      -48.788099
  71.246702      -48.728899
  71.253599      -48.680300
  71.269701      -48.633900
  71.290300      -48.583000
  71.319002      -48.538799
  71.350000      -48.487700
  71.387800      -48.447300
  71.424601      -48.418200
  71.485399      -48.382299
  71.542700      -48.354000
  71.574900      -48.336399
  71.643702      -48.314999
  71.697599      -48.295900
  71.744699      -48.279800
  71.771101      -48.277500
  71.836500      -48.265200
  71.867502      -48.253000
  71.904200      -48.239199
  71.939802      -48.230799
  71.984503      -48.225399
  72.027002      -48.222300
  72.037302      -48.219999
  72.057348      -48.214621
  71.996000      -48.264500
  71.962702      -48.301199
  71.979902      -48.360899
  72.006300      -48.413700
  72.005201      -48.484600
  71.981100      -48.531900
  71.990202      -48.559299
  72.025801      -48.592100
  72.075201      -48.615700
  72.126802      -48.641500
  72.176100      -48.671999
  72.282801      -48.725100
  72.330999      -48.756199
  72.343702      -48.769899
  72.380400      -48.800999
  72.380400      -48.856300
  72.352800      -48.898699
  72.341402      -48.945599
  72.385000      -49.025600
  72.436602      -49.104799
  72.479101      -49.159800
  72.500902      -49.201899
  72.572001      -49.269499
  72.615602      -49.285999
  72.716600      -49.310799
  72.804899      -49.343800
  72.850801      -49.358799
  72.892099      -49.358799
  73.033300      -49.387299
  73.115900      -49.411200
  73.196199      -49.443399
  73.252401      -49.471100
  73.317801      -49.518200
  73.409601      -49.548000
  73.429102      -49.556999
  73.538099      -49.634600
  73.708002      -49.688900
  73.811201      -49.707600
  73.850302      -49.720200
  74.009802      -49.762600
  74.137102      -49.787100
  74.215101      -49.815300
  74.302401      -49.847300
  74.350500      -49.867300
  74.391901      -49.859900
  74.433203      -49.857700
  74.481401      -49.845800
  74.549101      -49.868799
  74.559401      -49.887299
  74.568602      -49.924400
  74.573202      -49.937000
  74.598402      -49.963600
  74.636301      -49.984299
  74.669500      -50.007999
  74.685602      -50.036100
  74.700502      -50.070099
  74.772802      -50.126200
  74.808401      -50.137299
  74.832502      -50.166700
  74.790003      -50.171900
  74.768202      -50.171200
  74.762503      -50.179300
  74.837099      -50.208700
  74.911600      -50.212400
  75.132002      -50.247700
  75.177900      -50.256599
  75.238703      -50.308800
  75.319002      -50.340399
  75.384401      -50.368999
  75.477301      -50.397600
  75.554201      -50.426199
  75.627703      -50.460699
  75.702200      -50.492100
  75.815802      -50.541199
  75.874399      -50.560200
  75.909903      -50.579899
  75.951200      -50.606199
  75.986799      -50.653599
  76.052202      -50.720699
  76.092402      -50.765800
  76.141703      -50.831999
  76.239202      -50.920599
  76.272501      -50.938000
  76.385000      -51.040800
  76.414801      -51.085699
  76.414801      -51.084999
  76.435499      -51.120300
  76.505400      -51.181700
  76.559401      -51.245100
  76.608702      -51.294800
  76.635099      -51.314899
  76.698202      -51.360899
  76.747602      -51.406200
  76.847403      -51.455700
  76.891001      -51.487200
  76.985102      -51.544500
  77.029802      -51.576599
  77.165201      -51.629499
  77.288000      -51.701599
  77.411901      -51.762199
  77.531301      -51.827599
  77.672400      -51.897999
  77.795202      -51.956100
  77.853701      -52.000799
  77.945501      -52.070099
  78.004000      -52.114700
  78.053400      -52.221199
  78.092402      -52.257099
  78.185301      -52.302200
  78.284002      -52.335899
  78.333300      -52.365400
  78.386103      -52.353500
  78.465300      -52.379499
  78.593801      -52.416700
  78.646601      -52.447500
  78.702803      -52.479099
  78.772802      -52.504299
  78.851999      -52.531599
  79.070002      -52.567999
  79.152601      -52.572899
  79.298300      -52.598700
  79.414202      -52.623199
  79.619600      -52.674799
  79.758501      -52.682499
  79.877802      -52.677599
  80.005201      -52.684599
  80.118799      -52.713900
  80.253000      -52.736900
  80.398703      -52.772400
  80.558203      -52.813400
  80.708502      -52.846800
  80.905901      -52.880100
  81.005701      -52.952900
  81.050501      -52.959900
  81.158300      -52.971600
  81.221502      -52.999300
  81.301802      -53.040199
  81.343100      -53.068499
  81.411901      -53.113400
  81.442900      -53.150000
  81.480803      -53.171400
  81.590902      -53.226500
  81.719500      -53.295300
  81.786001      -53.345499
  81.885801      -53.398300
  81.982203      -53.444899
  82.060202      -53.480499
  82.163500      -53.546900
  82.264502      -53.594000
  82.362001      -53.641100
  82.473303      -53.698999
  82.569700      -53.753399
  82.669500      -53.796900
  82.752199      -53.828199
  82.831301      -53.855299
  82.905901      -53.886499
  82.957502      -53.914299
  83.044802      -53.956900
  83.105600      -53.983299
  83.141100      -54.052299
  83.132002      -54.125099
  83.090700      -54.135899
  83.033300      -54.121700
  82.993101      -54.105600
  82.933401      -54.086700
  82.866899      -54.052900
  82.818701      -54.011000
  82.759001      -53.989399
  82.707399      -53.969799
  82.632799      -53.939299
  82.585802      -53.921700
  82.533003      -53.929899
  82.538702      -53.964399
  82.553602      -53.988100
  82.596102      -54.045500
  82.646601      -54.086000
  82.682199      -54.121700
  82.685602      -54.192499
  82.642000      -54.193100
  82.568602      -54.185099
  82.521502      -54.178299
  82.487101      -54.178999
  82.464102      -54.197800
  82.436602      -54.223400
  82.404501      -54.248899
  82.365499      -54.260399
  82.319601      -54.262400
  82.274801      -54.254299
  82.187601      -54.244200
  82.114202      -54.225399
  82.008600      -54.197800
  81.966101      -54.189800
  81.837603      -54.150700
  81.704500      -54.110899
  81.589800      -54.093399
  81.462400      -54.061699
  81.367201      -54.029299
  81.289202      -54.004299
  81.123899      -53.953600
  80.951799      -53.903500
  80.846201      -53.878399
  80.622499      -53.819300
  80.487101      -53.790800
  80.396402      -53.774500
  80.280500      -53.720100
  80.220900      -53.702400
  80.143999      -53.675800
  80.079702      -53.660799
  80.040701      -53.650600
  79.983400      -53.613800
  79.878901      -53.570099
  79.810102      -53.579000
  79.797503      -53.608299
  79.821600      -53.653299
  79.858301      -53.700300
  79.904200      -53.755499
  79.942102      -53.818699
  79.944403      -53.870199
  79.920202      -53.917700
  79.849100      -53.925800
  79.797503      -53.929199
  79.749300      -53.900700
  79.722902      -53.856699
  79.688501      -53.809099
  79.640303      -53.782700
  79.590902      -53.743200
  79.559999      -53.707800
  79.477301      -53.681299
  79.398199      -53.684700
  79.311003      -53.701700
  79.250101      -53.728899
  79.219202      -53.748699
  79.187002      -53.809099
  79.164103      -53.859400
  79.165201      -53.905500
  79.168699      -53.977200
  79.185900      -54.046200
  79.195101      -54.072500
  79.213400      -54.103500
  79.238703      -54.172300
  79.267401      -54.218700
  79.285700      -54.236799
  79.300600      -54.289200
  79.323603      -54.360300
  79.335100      -54.408600
  79.355700      -54.460699
  79.364901      -54.495499
  79.392401      -54.532900
  79.413099      -54.580200
  79.444101      -54.622900
  79.469301      -54.664099
  79.484201      -54.660099
  79.520903      -54.704000
  79.549601      -54.741899
  79.592100      -54.822100
  79.629900      -54.873800
  79.665503      -54.908199
  79.718302      -54.955099
  79.737803      -54.976200
  79.727503      -55.005199
  79.741201      -55.031000
  79.799803      -55.111900
  79.860601      -55.197399
  79.942102      -55.279299
  80.011999      -55.335600
  80.054502      -55.393099
  80.069403      -55.458399
  80.169302      -55.560600
  80.226603      -55.606100
  80.199102      -55.666500
  80.226603      -55.757200
  80.218599      -55.778500
  80.150900      -55.856100
  80.129103      -55.903799
  79.973001      -55.996500
  79.885801      -56.042799
  79.778002      -56.122999
  79.754999      -56.167799
  79.690302      -56.105600
  79.605803      -56.057299
  79.476702      -55.992199
  79.389799      -55.952200
  79.305201      -55.923700
  79.121000      -55.862799
  78.979101      -55.830299
  78.802702      -55.805500
  78.778601      -55.800900
  78.612501      -55.792200
  78.421103      -55.792400
  78.269701      -55.796700
  78.098803      -55.815699
  77.997801      -55.834200
  77.935900      -55.836700
  77.801802      -55.840300
  77.703199      -55.846600
  77.520800      -55.864300
  77.481802      -55.866800
  77.266302      -55.869600
  77.039400      -55.862700
  76.943102      -55.857300
  76.823900      -55.852600
  76.712801      -55.848499
  76.585600      -55.839199
  76.559202      -55.838499
  76.445902      -55.819000
  76.294600      -55.817400
  76.145601      -55.820299
  75.985003      -55.835499
  75.901201      -55.847599
  75.831202      -55.861000
  75.661402      -55.897400
  75.563803      -55.916500
  75.501902      -55.926699
  75.458200      -55.934999
  75.424902      -55.943300
  75.381002      -55.958500
  75.370600      -55.930899
  75.344202      -55.886999
  75.315500      -55.860600
  75.267401      -55.831499
  75.196199      -55.805700
  75.156099      -55.793400
  75.057402      -55.775299
  74.922003      -55.750099
  74.768202      -55.694399
  74.674101      -55.685299
  74.547899      -55.673599
  74.441202      -55.669100
  74.320700      -55.650900
  74.266802      -55.650299
  74.169302      -55.652899
  74.059099      -55.661900
  73.883501      -55.664499
  73.856001      -55.660599
  73.759600      -55.658100
  73.670099      -55.655500
  73.581800      -55.660000
  73.557699      -55.666500
  73.484201      -55.674900
  73.359102      -55.692400
  73.266199      -55.703400
  73.202002      -55.704100
  73.089502      -55.711199
  73.003401      -55.715700
  72.925402      -55.710600
  72.838202      -55.713200
  72.788900      -55.715099
  72.697100      -55.708000
  72.624800      -55.702099
  72.533003      -55.695700
  72.456102      -55.689199
  72.418200      -55.701500
  72.325300      -55.711199
  72.233500      -55.705400
  72.127901      -55.697599
  72.029303      -55.692400
  71.963900      -55.684000
  71.912203      -55.685299
  71.852602      -55.682699
  71.797503      -55.677500
  71.797503      -55.676899
  71.801702      -55.659399
  71.805101      -55.643200
  71.796000      -55.625700
  71.768400      -55.588600
  71.705301      -55.553499
  71.625002      -55.545700
  71.536600      -55.509899
  71.433302      -55.484499
  71.351801      -55.462999
  71.269201      -55.458399
  71.141802      -55.442099
  71.038603      -55.423199
  70.907701      -55.395800
  70.827402      -55.380800
  70.732203      -55.357899
  70.653002      -55.330400
  70.558901      -55.292500
  70.461302      -55.225599
  70.421202      -55.190800
  70.402800      -55.156700
  70.336203      -55.087599
  70.277700      -55.029600
  70.188200      -54.982800
  70.106703      -54.957699
  70.029802      -54.947199
  69.946100      -54.927999
  69.842802      -54.895599
  69.746401      -54.875700
  69.667200      -54.869799
  69.545603      -54.859200
  69.496202      -54.834700
  69.444601      -54.797600
  69.496202      -54.715900
  69.584600      -54.654100
  69.664900      -54.601500
  69.714201      -54.576199
  69.788801      -54.531500
  69.895601      -54.466000
  69.972502      -54.380400
  70.009199      -54.309299
  70.013800      -54.239399
  70.049299      -54.188999
  70.067701      -54.132399
  70.083799      -54.062899
  70.105600      -54.009600
  70.132002      -53.944000
  70.143400      -53.880299
  70.149202      -53.788599
  70.169802      -53.747200
  70.187101      -53.670200
  70.206602      -53.609499
  70.202002      -53.532299
  70.177900      -53.487900
  70.169802      -53.438599
  70.180201      -53.345900
  70.177900      -53.293699
  70.115900      -53.221500
  70.058500      -53.167000
  70.013800      -53.136000
  69.977102      -53.120100
  69.847403      -53.073799
  69.728003      -53.061399
  69.619001      -53.057899
  69.551302      -53.054499
  69.496202      -53.048899
  69.433100      -53.037899
  69.344702      -53.012899
  69.305700      -52.977600
  69.291903      -52.933300
  69.286200      -52.862499
  69.273600      -52.794399
  69.250601      -52.735199
  69.213900      -52.662699
  69.162302      -52.611000
  69.101400      -52.573299
  69.054399      -52.559999
  68.956800      -52.531300
  68.873102      -52.520100
  68.805403      -52.518000
  68.718203      -52.507500
  68.593100      -52.485800
  68.527700      -52.491400
  68.449602      -52.469000
  68.381903      -52.427599
  68.338301      -52.393900
  68.298101      -52.369999
  68.272902      -52.346199
  68.224703      -52.304699
  68.213202      -52.285000
  68.162703      -52.223700
  68.112200      -52.176399
  68.056002      -52.159500
  67.979101      -52.159500
  67.921701      -52.174999
  67.863199      -52.188400
  67.769102      -52.221600
  67.699102      -52.223700
  67.567102      -52.268799
  67.454702      -52.264500
  67.395002      -52.256100
  67.344500      -52.245499
  67.321501      -52.241999
  67.248102      -52.218000
  67.198801      -52.203899
  67.155199      -52.190599
  67.065599      -52.156700
  66.955500      -52.122799
  66.949701      -52.112900
  66.884302      -52.081800
  66.816603      -52.056299
  66.761499      -52.035099
  66.730501      -52.034399
  66.663229      -51.999115
>LargeIgneousProvince <identity>GPlates-bb39fefe-f413-4ed6-99f0-9263d771ab66</identity> <revision>GPlates-6a35644d-d340-4958-8af2-c969d8dc2c41</revision>
> name CENTRAL KERGUELEN
> description 
> shapefileAttributes KeyValueDictionary ( PLATEID1,  802) ( TYPE,  VP) ( FROMAGE,  95) ( TOAGE,  -999) ( NAME,  CENTRAL KERGUELEN) ( DESCR,  ) ( GPGIM_TYPE,  gpml:LargeIgneousProvince) ( FEATURE_ID,  GPlates-e7b40c4b-9809-480f-9863-8d171444b61c) ( REF,  EarthByte Database) ( PLATEID2,  0) ( RECON_METH,  ) ( L_PLATE,  0) ( R_PLATE,  0) ( SPREAD_ASY,  0) ( IMPORT_AGE,  0)
> validTime TimePeriod <begin> TimeInstant <timePosition>95</timePosition></begin> <end> TimeInstant <timePosition>http://gplates.org/times/distantFuture</timePosition></end>
> reconstructionPlateId 802
> geometryImportTime TimeInstant <timePosition>0</timePosition>
> conjugatePlateId 0
> leftPlate 0
> rightPlate 0
> spreadingAsymmetry 0
  72.057348      -48.214621
  72.060202      -48.212299
  72.091200      -48.193899
  72.075201      -48.206999
  72.066000      -48.212299
  72.057348      -48.214621
>LargeIgneousProvince <identity>GPlates-bb39fefe-f413-4ed6-99f0-9263d771ab66</identity> <revision>GPlates-6a35644d-d340-4958-8af2-c969d8dc2c41</revision>
> name CENTRAL KERGUELEN
> description 
> shapefileAttributes KeyValueDictionary ( PLATEID1,  802) ( TYPE,  VP) ( FROMAGE,  95) ( TOAGE,  -999) ( NAME,  CENTRAL KERGUELEN) ( DESCR,  ) ( GPGIM_TYPE,  gpml:LargeIgneousProvince) ( FEATURE_ID,  GPlates-e7b40c4b-9809-480f-9863-8d171444b61c) ( REF,  EarthByte Database) ( PLATEID2,  0) ( RECON_METH,  ) ( L_PLATE,  0) ( R_PLATE,  0) ( SPREAD_ASY,  0) ( IMPORT_AGE,  0)
> validTime TimePeriod <begin> TimeInstant <timePosition>95</timePosition></begin> <end> TimeInstant <timePosition>http://gplates.org/times/distantFuture</timePosition></end>
> reconstructionPlateId 802
> geometryImportTime TimeInstant <timePosition>0</timePosition>
> conjugatePlateId 0
> leftPlate 0
> rightPlate 0
> spreadingAsymmetry 0
  66.663229      -51.999115
  66.655802      -52.002199
  66.646799      -51.990499
  66.663229      -51.999115
>