>anchorPlateId 0
>reconstructionTime 0
>
>
>LargeIgneousProvince <identity>GPlates-2d904631-e1f7-438e-b20c-ac4fa401c7f5</identity> <revision>GPlates-6e947ee3-3446-49b2-a549-4eb8cd17b3e6</revision>
> name Chagos-Laccadive
> description Indian
> shapefileAttributes KeyValueDictionary ( PLATEID1,  501) ( FROMAGE,  60) ( TOAGE,  -999) ( NAME,  Chagos-Laccadive) ( DESCR,  Indian) ( MatlabAr,  258756) ( AgeRef,  this paper) ( AgeMethod,  Magnetic lineations) ( PBType,  MOR) ( Dist2PB,  0) ( GPGIM_TYPE,  gpml:LargeIgneousProvince) ( FEATURE_ID,  GPlates-caaf61c4-c60f-4515-a2e7-c6d74939f714) ( TYPE,  VP) ( IMPORT_AGE,  0) ( PLATEID2,  0) ( RECON_METH,  ) ( L_PLATE,  0) ( R_PLATE,  0) ( SPREAD_ASY,  0)
> validTime TimePeriod <begin> TimeInstant <timePosition>60</timePosition></begin> <end> TimeInstant <timePosition>http://gplates.org/times/distantFuture</timePosition></end>
> reconstructionPlateId 501
> geometryImportTime TimeInstant <timePosition>0</timePosition>
> conjugatePlateId 0
> leftPlate 0
> rightPlate 0
> spreadingAsymmetry 0
  75.613630      10.176043
  75.610456      10.020380
  75.420221      10.075548
  75.229982      10.130720
  75.039747      10.185888
  74.849508      10.241056
  74.659273      10.296225
  74.469034      10.351393
  74.278799      10.406561
  74.088560      10.461729
  73.898325      10.516901
  73.708086      10.572069
  73.517851      10.627237
  73.327612      10.682405
  73.137377      10.737574
  72.947138      10.792742
  72.756903      10.847910
  72.566664      10.903082
  72.376429      10.958250
  72.186190      11.013418
  71.995955      11.068586
  71.805716      11.123755
  71.615480      11.178923
  71.425241      11.234091
  71.235006      11.289263
  71.044767      11.344431
  70.948885      11.472364
  70.853003      11.600302
  70.810129      11.773252
  70.767252      11.946203
  70.724379      12.119150
  70.681501      12.292101
  70.638628      12.465052
  70.595751      12.638002
  70.552877      12.810949
  70.510000      12.983900
  70.571733      13.125803
  70.633467      13.267702
  70.695200      13.409601
  70.646051      13.594576
  70.596903      13.779551
  70.547754      13.964525
  70.498602      14.149500
  70.517771      14.337923
  70.536940      14.526346
  70.556108      14.714769
  70.575281      14.903193
  70.594450      15.091616
  70.613619      15.280039
  70.632788      15.468462
  70.651957      15.656885
  70.671125      15.845308
  70.690294      16.033731
  70.709463      16.222155
  70.728632      16.410578
  70.747801      16.599001
  70.680582      16.785101
  70.613359      16.971201
  70.546141      17.157301
  70.478922      17.343401
  70.411699      17.529501
  70.251139      17.629423
  70.090582      17.729342
  69.930021      17.829260
  69.769461      17.929182
  69.608900      18.029100
  69.508280      18.201159
  69.407656      18.373213
  69.307035      18.545267
  69.206411      18.717325
  69.105791      18.889380
  69.005171      19.061434
  68.904547      19.233492
  68.803926      19.405546
  68.703302      19.577600
  68.672403      19.762346
  68.641504      19.947092
  68.610601      20.131834
  68.579702      20.316580
  68.548803      20.501326
  68.517900      20.686068
  68.487001      20.870813
  68.456102      21.055559
  68.425200      21.240301
  68.607176      21.191179
  68.789152      21.142054
  68.971128      21.092928
  69.153101      21.043802
  69.203478      20.851160
  69.253859      20.658514
  69.304235      20.465868
  69.354612      20.273226
  69.404989      20.080580
  69.455370      19.887934
  69.505747      19.695292
  69.556124      19.502645
  69.606501      19.309999
  69.735128      19.201124
  69.863752      19.092253
  69.992376      18.983377
  70.121000      18.874502
  70.228060      18.715761
  70.335115      18.557016
  70.442175      18.398275
  70.549231      18.239531
  70.656286      18.080786
  70.763346      17.922045
  70.870401      17.763300
  71.033102      17.683260
  71.195803      17.603220
  71.358503      17.523180
  71.521200      17.443140
  71.683901      17.363100
  71.816401      17.224501
  71.948900      17.085901
  72.081400      16.947302
  72.142099      16.781603
  72.202803      16.615900
  72.263502      16.450201
  72.324202      16.284502
  72.384901      16.118799
  72.497301      15.980082
  72.609701      15.841360
  72.722101      15.702639
  72.834501      15.563921
  72.946901      15.425200
  72.994253      15.234652
  73.041601      15.044100
  73.088953      14.853552
  73.136301      14.663000
  73.183653      14.472452
  73.231001      14.281900
  73.278353      14.091352
  73.325701      13.900801
  73.373053      13.710253
  73.420401      13.519701
  73.547335      13.370520
  73.674269      13.221334
  73.801203      13.072153
  73.928137      12.922968
  74.055067      12.773787
  74.182001      12.624601
  74.241953      12.469034
  74.301901      12.313471
  74.361853      12.157904
  74.421801      12.002337
  74.481752      11.846769
  74.541700      11.691202
  74.661158      11.540148
  74.780611      11.389093
  74.900068      11.238035
  75.019522      11.086981
  75.138979      10.935926
  75.258436      10.784868
  75.377890      10.633814
  75.497347      10.482759
  75.616800      10.331701
  75.613630      10.176043
>