>anchorPlateId 0
>reconstructionTime 0
>Ontong.gpml Hess.gpml broken_ridge.gpml centralKerguelen.gpml northKerguelen.gpml Manihiki.gpml Africa.gpml Shatsky.gpml elan.gpml madagascar.gpml southernKerguelen.gpml conrad.gpml Agrentine.gpml iceland.gpml Hikurangi2.gpml delCano.gpml Hikurangi.gpml antarctic.gpml MendelevRidge2.gpml MendelevRidge.gpml chagon.gpml
>
>LargeIgneousProvince <identity>GPlates-e0577410-4e7f-4172-8f6a-d14769250fa0</identity> <revision>GPlates-257d00d4-a0d2-49eb-ace1-f72e554847dd</revision>
> name 
> description 3000 METERS CHAGOS-LACCADIVE (INDIAN PLATE)
> shapefileAttributes KeyValueDictionary ( PLATEID1,  501) ( TYPE,  VP) ( FROMAGE,  49) ( TOAGE,  0) ( NAME,  ) ( DESCR,  3000 METERS CHAGOS-LACCADIVE (INDIAN PLATE)) ( GPGIM_TYPE,  gpml:LargeIgneousProvince) ( FEATURE_ID,  GPlates-0fdc3e22-4a39-4c35-82cb-39bb9175c7e8) ( REF,  Coffin, 2011 (PLATES project)) ( PLATEID2,  0) ( RECON_METH,  ) ( L_PLATE,  0) ( R_PLATE,  0) ( SPREAD_ASY,  0) ( IMPORT_AGE,  0)
> validTime TimePeriod <begin> TimeInstant <timePosition>49</timePosition></begin> <end> TimeInstant <timePosition>0</timePosition></end>
> reconstructionPlateId 501
> geometryImportTime TimeInstant <timePosition>0</timePosition>
> conjugatePlateId 0
> leftPlate 0
> rightPlate 0
> spreadingAsymmetry 0
  73.743299      -3.574999
  73.802702      -3.623299
  73.866701      -3.623299
  73.900999      -3.572699
  73.905500      -3.535999
  73.928400      -3.614100
  73.946699      -3.666899
  73.983202      -3.710499
  73.939802      -3.875799
  73.939802      -3.958399
  73.928400      -4.057100
  73.903299      -4.185600
  73.878099      -4.252100
  73.850702      -4.284199
  73.814100      -4.201599
  73.763903      -4.256699
  73.740999      -4.355299
  73.757002      -4.435600
  73.718100      -4.548000
  73.752401      -4.701700
  73.761602      -4.726900
  73.736403      -4.843800
  73.711302      -4.914799
  73.686201      -4.981300
  73.642702      -5.050100
  73.619902      -5.116499
  73.558203      -5.265400
  73.507902      -5.363899
  73.432501      -5.453300
  73.357100      -5.489899
  73.304502      -5.528799
  73.249701      -5.597500
  73.174299      -5.634100
  73.156000      -5.689100
  73.233702      -5.732599
  73.304502      -5.657000
  73.318201      -5.693699
  73.268000      -5.760000
  73.192499      -5.819599
  73.149099      -5.883600
  73.153700      -5.972900
  73.162802      -6.039200
  73.162802      -6.048399
  73.169703      -6.123899
  73.114801      -6.206200
  73.087400      -6.242800
  73.046301      -6.327400
  73.007402      -6.373100
  73.055403      -6.421099
  73.092001      -6.464600
  73.085100      -6.526300
  73.030302      -6.567400
  73.002901      -6.679399
  73.034903      -6.741100
  73.000601      -6.823299
  72.959402      -6.900999
  72.927401      -7.015099
  72.906900      -7.090500
  72.854300      -7.202299
  72.804003      -7.279900
  72.744600      -7.384899
  72.705801      -7.476099
  72.660101      -7.615200
  72.625799      -7.701799
  72.598402      -7.813499
  72.580099      -7.879599
  72.527502      -7.986700
  72.475000      -8.075499
  72.413301      -8.134699
  72.376699      -8.175699
  72.342402      -8.298700
  72.308100      -8.423800
  72.276102      -8.526199
  72.255602      -8.605799
  72.187002      -8.674099
  72.113901      -8.730900
  72.109301      -8.783199
  72.129900      -8.837799
  72.063601      -8.905899
  71.985903      -8.949099
  71.928801      -8.912800
  71.873899      -8.955900
  71.841902      -9.064999
  71.761900      -9.123999
  71.688803      -9.151300
  71.650000      -9.144499
  71.611101      -9.196699
  71.597403      -9.260300
  71.608801      -9.366999
  71.650000      -9.478199
  71.661402      -9.568899
  71.627100      -9.652800
  71.636301      -9.786600
  71.659101      -9.879499
  71.682001      -10.038099
  71.679701      -10.164900
  71.650000      -10.282600
  71.604300      -10.389000
  71.558599      -10.493000
  71.528902      -10.603800
  71.501402      -10.689699
  71.441999      -10.782400
  71.393999      -10.823000
  71.307199      -10.856899
  71.254602      -10.935999
  71.208902      -10.942799
  71.215799      -10.863699
  71.245501      -10.800499
  71.256903      -10.705500
  71.256903      -10.644499
  71.256903      -10.574400
  71.247801      -10.526899
  71.224901      -10.449999
  71.174601      -10.436499
  71.110601      -10.447800
  71.023802      -10.438700
  70.962099      -10.418400
  70.964399      -10.357300
  71.023802      -10.330099
  71.092402      -10.300699
  71.135801      -10.275799
  71.090101      -10.241899
  71.051203      -10.205700
  71.005503      -10.149099
  70.964399      -10.076599
  70.905001      -10.038099
  70.847799      -10.060699
  70.820402      -10.024500
  70.763300      -9.999599
  70.708403      -9.999599
  70.635302      -9.990499
  70.550802      -9.954300
  70.486799      -9.933899
  70.427301      -9.868200
  70.356501      -9.800200
  70.299402      -9.745800
  70.219400      -9.675499
  70.123400      -9.632399
  70.020601      -9.550800
  69.936003      -9.516699
  69.892599      -9.464500
  69.849199      -9.423700
  69.835501      -9.394199
  69.840002      -9.301100
  69.792002      -9.251200
  69.714300      -9.267099
  69.682302      -9.244400
  69.716600      -9.133099
  69.709803      -9.019600
  69.652601      -8.953699
  69.689199      -8.844599
  69.773802      -8.796799
  69.851500      -8.826399
  69.906301      -8.874100
  69.958902      -8.737700
  69.908602      -8.689999
  69.974901      -8.583099
  70.020601      -8.523899
  70.068602      -8.432899
  70.114302      -8.319199
  70.160002      -8.241800
  70.228502      -8.146099
  70.287901      -8.091499
  70.361101      -8.095999
  70.438803      -8.041399
  70.463900      -8.032299
  70.482203      -7.881899
  70.477602      -7.806700
  70.422800      -7.831800
  70.434202      -7.745199
  70.468500      -7.678999
  70.523302      -7.553600
  70.573603      -7.480700
  70.591902      -7.346100
  70.569002      -7.250200
  70.591902      -7.143000
  70.610201      -7.067600
  70.644400      -6.958099
  70.674200      -6.859900
  70.729002      -6.773100
  70.799902      -6.695400
  70.850100      -6.608500
  70.868402      -6.549099
  70.886702      -6.478300
  70.891302      -6.364000
  70.930101      -6.297699
  70.973501      -6.219900
  70.985003      -6.142200
  70.950701      -6.101000
  70.907301      -6.073500
  70.870703      -6.121599
  70.820402      -6.078100
  70.875299      -6.018600
  70.923300      -5.954599
  70.996401      -5.892799
  71.048903      -5.879099
  71.117502      -5.856199
  71.179201      -5.817299
  71.222601      -5.769199
  71.222601      -5.666199
  71.238600      -5.590599
  71.240900      -5.487600
  71.291201      -5.384499
  71.387201      -5.329599
  71.469400      -5.281500
  71.506002      -5.240200
  71.540300      -5.146299
  71.627100      -5.109600
  71.718500      -5.066099
  71.803102      -5.036299
  71.780199      -4.995100
  71.736799      -4.928600
  71.698000      -4.827700
  71.773401      -4.729200
  71.883101      -4.664999
  71.999601      -4.580099
  72.111601      -4.513599
  72.225901      -4.444799
  72.257902      -4.346199
  72.260099      -4.201599
  72.287600      -4.073099
  72.353800      -4.008900
  72.456701      -3.930899
  72.554899      -3.885000
  72.666903      -3.850500
  72.767500      -3.832199
  72.879400      -3.829899
  73.041700      -3.799999
  73.055403      -3.793100
  73.135401      -3.836800
  73.149099      -3.855099
  73.192499      -3.912500
  73.224501      -3.949200
  73.265699      -4.015800
  73.318201      -4.068600
  73.384501      -4.091499
  73.430201      -4.075399
  73.466803      -3.999699
  73.496500      -3.919399
  73.555902      -3.898699
  73.624502      -3.868900
  73.677000      -3.797699
  73.725000      -3.722000
  73.702101      -3.662300
  73.654200      -3.616400
  73.651899      -3.581900
  73.686201      -3.529100
  73.743299      -3.574999
>