>anchorPlateId 0
>reconstructionTime 0
>
>
>LargeIgneousProvince <identity>GPlates-2cd17366-3658-4e54-a96a-c91c278270d9</identity> <revision>GPlates-ea88f0e7-0c32-41eb-a484-e178a89a263f</revision>
> name Chagos-Laccadive
> description Indian
> shapefileAttributes KeyValueDictionary ( PLATEID1,  501) ( FROMAGE,  53) ( TOAGE,  -999) ( NAME,  Chagos-Laccadive) ( DESCR,  Indian) ( MatlabAr,  140106) ( AgeRef,  this paper) ( AgeMethod,  Magnetic lineations) ( PBType,  MOR) ( Dist2PB,  0) ( GPGIM_TYPE,  gpml:LargeIgneousProvince) ( FEATURE_ID,  GPlates-e728db73-00b2-47b5-86b8-5e23750d01cc) ( TYPE,  VP) ( IMPORT_AGE,  0) ( PLATEID2,  0) ( RECON_METH,  ) ( L_PLATE,  0) ( R_PLATE,  0) ( SPREAD_ASY,  0)
> validTime TimePeriod <begin> TimeInstant <timePosition>53</timePosition></begin> <end> TimeInstant <timePosition>http://gplates.org/times/distantFuture</timePosition></end>
> reconstructionPlateId 501
> geometryImportTime TimeInstant <timePosition>0</timePosition>
> conjugatePlateId 0
> leftPlate 0
> rightPlate 0
> spreadingAsymmetry 0
  72.699446       3.466898
  72.883581       3.417070
  73.067720       3.367247
  73.251860       3.317419
  73.435995       3.267595
  73.620134       3.217768
  73.804274       3.167944
  73.988409       3.118120
  74.172548       3.068293
  74.356688       3.018469
  74.540823       2.968641
  74.724962       2.918818
  74.909101       2.868990
  75.093241       2.819166
  75.277376       2.769339
  75.221968       2.591692
  75.166555       2.414042
  75.111147       2.236395
  75.055735       2.058748
  75.000322       1.881098
  74.944914       1.703451
  74.889502       1.525801
  74.907804       1.379236
  74.926104       1.232668
  74.944403       1.086100
  74.805635       0.980234
  74.666868       0.874369
  74.528101       0.768499
  74.473234       0.628069
  74.418367       0.487635
  74.363501       0.347200
  74.458403       0.271200
  74.553301       0.195200
  74.552202       0.023569
  74.551104      -0.148066
  74.550001      -0.319700
  74.484854      -0.459999
  74.419703      -0.600300
  74.352304      -0.520948
  74.284903      -0.441599
  74.241468      -0.586533
  74.198034      -0.731466
  74.154600      -0.876400
  74.184351      -0.991400
  74.214102      -1.106400
  74.297503      -1.015549
  74.380899      -0.924700
  74.444902      -1.046600
  74.362627      -1.209326
  74.280352      -1.372049
  74.198076      -1.534775
  74.115801      -1.697500
  73.982504      -1.755766
  73.849203      -1.814032
  73.715902      -1.872299
  73.888403      -1.865398
  74.060900      -1.858500
  74.163752      -1.965399
  74.266600      -2.072300
  74.214033      -2.261566
  74.161467      -2.450832
  74.108900      -2.640099
  73.974070      -2.709032
  73.839235      -2.777966
  73.704401      -2.846899
  73.707602      -2.674038
  73.710802      -2.501179
  73.714003      -2.328320
  73.717199      -2.155458
  73.720400      -1.982599
  73.616453      -2.003300
  73.512503      -2.024000
  73.523901      -2.203350
  73.535299      -2.382700
  73.415899      -2.495298
  73.296499      -2.607899
  73.177099      -2.720499
  73.057699      -2.833099
  72.957151      -2.729698
  72.856600      -2.626299
  72.845167      -2.453899
  72.833735      -2.281500
  72.822302      -2.109100
  72.725203      -1.974600
  72.628099      -1.840099
  72.652102      -1.698648
  72.676100      -1.557199
  72.831503      -1.468649
  72.986902      -1.380100
  72.837202      -1.374350
  72.687502      -1.368599
  72.640268      -1.203766
  72.593035      -1.038933
  72.545801      -0.874100
  72.603342      -0.700300
  72.660883      -0.526499
  72.718424      -0.352699
  72.775961      -0.178900
  72.833502      -0.005100
  72.753469       0.134569
  72.673437       0.274233
  72.593401       0.413900
  72.557184       0.588469
  72.520967       0.763037
  72.484751       0.937601
  72.448534       1.112169
  72.412317       1.286737
  72.376101       1.461302
  72.537352       1.394552
  72.698603       1.327803
  72.680304       1.510405
  72.662004       1.693003
  72.643702       1.875601
  72.817499       1.933100
  72.677999       2.022802
  72.538500       2.112501
  72.537516       2.301073
  72.536531       2.489645
  72.535543       2.678217
  72.534559       2.866789
  72.533575       3.055361
  72.532591       3.243929
  72.531603       3.432501
  72.420130       3.330778
  72.308653       3.229052
  72.197176       3.127329
  72.085699       3.025602
  72.167524       3.205919
  72.249346       3.386232
  72.331167       3.566549
  72.515306       3.516722
  72.699446       3.466898
>