>anchorPlateId 0
>reconstructionTime 0
>
>
>LargeIgneousProvince <identity>GPlates-764a404e-674a-45df-b6b3-a18dcbe8d930</identity> <revision>GPlates-1278f29d-bb9d-427e-bd9e-4a067b17b42f</revision>
> name Chagos-Laccadive
> description Indian
> shapefileAttributes KeyValueDictionary ( PLATEID1,  501) ( FROMAGE,  57) ( TOAGE,  -999) ( NAME,  Chagos-Laccadive) ( DESCR,  Indian) ( MatlabAr,  452408) ( AgeRef,  Duncan+Hargraves_1990_ProcODP) ( AgeMethod,  Ar/Ar) ( PBType,  MOR) ( Dist2PB,  0) ( GPGIM_TYPE,  gpml:LargeIgneousProvince) ( FEATURE_ID,  GPlates-825a775b-0741-4d92-b803-d4b8710f8fa4) ( TYPE,  VP) ( IMPORT_AGE,  0) ( PLATEID2,  0) ( RECON_METH,  ) ( L_PLATE,  0) ( R_PLATE,  0) ( SPREAD_ASY,  0)
> validTime TimePeriod <begin> TimeInstant <timePosition>57</timePosition></begin> <end> TimeInstant <timePosition>http://gplates.org/times/distantFuture</timePosition></end>
> reconstructionPlateId 501
> geometryImportTime TimeInstant <timePosition>0</timePosition>
> conjugatePlateId 0
> leftPlate 0
> rightPlate 0
> spreadingAsymmetry 0
  77.092802       7.232801
  77.207201       7.115499
  77.353769       7.148703
  77.500338       7.181902
  77.646902       7.215101
  77.755255       7.380503
  77.863604       7.545900
  77.971952       7.711302
  78.080301       7.876699
  78.208330       7.724966
  78.336359       7.573229
  78.464388       7.421495
  78.592417       7.269758
  78.720446       7.118021
  78.848475       6.966288
  78.976503       6.814550
  79.104532       6.662817
  79.232561       6.511080
  79.360590       6.359346
  79.488615       6.207609
  79.616644       6.055872
  79.744673       5.904139
  79.872702       5.752401
  79.710783       5.827044
  79.548861       5.901682
  79.386942       5.976320
  79.225023       6.050962
  79.063101       6.125601
  78.877104       6.107302
  78.691103       6.089003
  78.505102       6.070700
  78.439951       5.985952
  78.374800       5.901201
  78.281603       6.041979
  78.188402       6.182753
  78.095201       6.323526
  78.002001       6.464300
  77.971361       6.267382
  77.940722       6.070459
  77.910082       5.873541
  77.879442       5.676622
  77.848803       5.479700
  77.919653       5.330702
  77.990499       5.181700
  77.941927       5.018850
  77.893351       4.856001
  77.844778       4.693151
  77.796202       4.530302
  77.863653       4.418951
  77.931101       4.307600
  78.090052       4.320803
  78.249002       4.334002
  78.407949       4.347200
  78.566900       4.360399
  78.396502       4.261702
  78.226103       4.163000
  78.070028       4.155527
  77.913954       4.148050
  77.757879       4.140577
  77.601801       4.133101
  77.500002       4.189352
  77.398199       4.245600
  77.327761       4.392462
  77.257318       4.539320
  77.186880       4.686182
  77.116442       4.833044
  77.046000       4.979902
  76.887762       4.938623
  76.729521       4.897341
  76.571280       4.856062
  76.413042       4.814783
  76.254801       4.773500
  76.181601       4.689753
  76.108400       4.606001
  76.150702       4.511904
  76.193003       4.417803
  76.052736       4.276972
  75.912470       4.136137
  75.772200       3.995302
  75.701513       3.820166
  75.630823       3.645029
  75.560133       3.469889
  75.489443       3.294752
  75.418756       3.119616
  75.348066       2.944479
  75.277376       2.769339
  75.093241       2.819166
  74.909101       2.868990
  74.724962       2.918818
  74.540823       2.968641
  74.356688       3.018469
  74.172548       3.068293
  73.988409       3.118120
  73.804274       3.167944
  73.620134       3.217768
  73.435995       3.267595
  73.251860       3.317419
  73.067720       3.367247
  72.883581       3.417070
  72.699446       3.466898
  72.515306       3.516722
  72.331167       3.566549
  72.352057       3.728998
  72.372942       3.891451
  72.393827       4.053900
  72.414717       4.216352
  72.435602       4.378801
  72.264101       4.470602
  72.238951       4.353502
  72.213800       4.236403
  72.136003       4.350054
  72.058203       4.463701
  72.084017       4.637331
  72.109831       4.810961
  72.135645       4.984587
  72.161459       5.158216
  72.187273       5.331846
  72.213087       5.505476
  72.238901       5.679102
  72.145136       5.853868
  72.051371       6.028635
  71.957602       6.203402
  72.024702       6.352869
  72.091803       6.502337
  72.158899       6.651800
  72.086161       6.826342
  72.013422       7.000879
  71.940683       7.175421
  71.867941       7.349962
  71.795202       7.524500
  71.894701       7.660250
  71.994200       7.796000
  71.923300       7.918333
  71.852400       8.040667
  71.781500       8.163000
  71.843252       8.312151
  71.905001       8.461302
  71.966753       8.610449
  72.028502       8.759600
  71.911901       8.800501
  71.929052       8.958551
  71.946199       9.116602
  71.829569       9.240038
  71.712934       9.363470
  71.596300       9.486902
  71.576277       9.643980
  71.556250       9.801054
  71.536226       9.958128
  71.516199      10.115202
  71.419401      10.282236
  71.322599      10.449270
  71.225801      10.616301
  71.129000      10.783335
  71.032202      10.950369
  70.935400      11.117399
  70.907900      11.307100
  71.044767      11.344431
  71.235006      11.289263
  71.425241      11.234091
  71.615480      11.178923
  71.805716      11.123755
  71.995955      11.068586
  72.186190      11.013418
  72.376429      10.958250
  72.566664      10.903082
  72.756903      10.847910
  72.947138      10.792742
  73.137377      10.737574
  73.327612      10.682405
  73.517851      10.627237
  73.708086      10.572069
  73.898325      10.516901
  74.088560      10.461729
  74.278799      10.406561
  74.469034      10.351393
  74.659273      10.296225
  74.849508      10.241056
  75.039747      10.185888
  75.229982      10.130720
  75.420221      10.075548
  75.610456      10.020380
  75.593966       9.840826
  75.577475       9.661268
  75.560984       9.481714
  75.544493       9.302160
  75.528002       9.122602
  75.659803       9.099752
  75.791601       9.076902
  75.935362       8.946642
  76.079123       8.816381
  76.222883       8.686121
  76.366640       8.555861
  76.510401       8.425600
  76.558241       8.257421
  76.606081       8.089239
  76.653921       7.921061
  76.701761       7.752882
  76.749601       7.584700
  76.864004       7.467402
  76.978403       7.350100
  77.092802       7.232801
>