>anchorPlateId 0
>reconstructionTime 0
>
>
>LargeIgneousProvince <identity>GPlates-62c81471-e140-41f8-8ce4-6de8dae9d3ac</identity> <revision>GPlates-270c1a07-6050-4c14-82e2-48fc1157497b</revision>
> name Cocos_Ridge
> description Pacific
> shapefileAttributes KeyValueDictionary ( PLATEID1,  909) ( FROMAGE,  13) ( TOAGE,  -999) ( NAME,  Cocos_Ridge) ( DESCR,  Pacific) ( MatlabAr,  112775) ( AgeRef,  Werner++_1999_Geology) ( AgeMethod,  Ar/Ar) ( PBType,  MOR) ( Dist2PB,  0) ( GPGIM_TYPE,  gpml:LargeIgneousProvince) ( FEATURE_ID,  GPlates-a56621a7-a1dc-4f77-8328-6f9db5e3b938) ( TYPE,  VP) ( IMPORT_AGE,  0) ( PLATEID2,  0) ( RECON_METH,  ) ( L_PLATE,  0) ( R_PLATE,  0) ( SPREAD_ASY,  0)
> validTime TimePeriod <begin> TimeInstant <timePosition>13</timePosition></begin> <end> TimeInstant <timePosition>http://gplates.org/times/distantFuture</timePosition></end>
> reconstructionPlateId 909
> geometryImportTime TimeInstant <timePosition>0</timePosition>
> conjugatePlateId 0
> leftPlate 0
> rightPlate 0
> spreadingAsymmetry 0
  -82.928799       7.567301
  -82.964397       7.420576
  -82.999998       7.273851
  -83.035599       7.127127
  -83.071199       6.980402
  -83.220499       6.952436
  -83.369799       6.924471
  -83.519100       6.896502
  -83.628500       6.837999
  -83.538149       6.736250
  -83.447800       6.634501
  -83.601124       6.565779
  -83.754450       6.497053
  -83.907774       6.428328
  -84.061100       6.359602
  -84.125950       6.203001
  -84.190800       6.046400
  -84.372749       6.008177
  -84.554699       5.969950
  -84.736650       5.931726
  -84.918600       5.893499
  -85.049200       5.783068
  -85.179800       5.672636
  -85.310400       5.562201
  -85.392698       5.433836
  -85.474998       5.305468
  -85.557299       5.177099
  -85.548349       4.992102
  -85.539400       4.807100
  -85.635475       4.632799
  -85.731550       4.458502
  -85.827625       4.284201
  -85.923700       4.109900
  -86.099249       4.065203
  -86.274799       4.020502
  -86.303633       3.875669
  -86.332466       3.730837
  -86.361300       3.586000
  -86.550249       3.544451
  -86.739199       3.502901
  -86.928150       3.461351
  -87.117100       3.419802
  -87.270399       3.446028
  -87.423698       3.472254
  -87.576998       3.498476
  -87.730299       3.524702
  -87.905359       3.504744
  -88.080420       3.484781
  -88.255480       3.464823
  -88.430540       3.444864
  -88.605600       3.424902
  -88.505100       3.499052
  -88.404600       3.573202
  -88.473299       3.709951
  -88.542000       3.846701
  -88.610699       3.983450
  -88.679399       4.120199
  -88.504955       4.181490
  -88.330511       4.242777
  -88.156065       4.304068
  -87.981621       4.365355
  -87.807177       4.426645
  -87.632732       4.487936
  -87.458288       4.549223
  -87.283844       4.610514
  -87.109400       4.671801
  -87.091599       4.824934
  -87.073799       4.978067
  -87.056000       5.131201
  -87.186600       5.172037
  -87.317200       5.212870
  -87.447800       5.253702
  -87.454199       5.362051
  -87.460600       5.470400
  -87.325699       5.422003
  -87.230698       5.545202
  -87.135698       5.668402
  -87.040699       5.791601
  -86.879379       5.792624
  -86.718060       5.793642
  -86.556740       5.794661
  -86.395420       5.795683
  -86.234100       5.796701
  -86.150133       5.935968
  -86.066166       6.075235
  -85.982199       6.214502
  -86.132299       6.219603
  -86.147600       6.049002
  -86.285833       6.066801
  -86.424067       6.084600
  -86.562300       6.102400
  -86.447800       6.259001
  -86.333300       6.415602
  -86.150949       6.447420
  -85.968599       6.479235
  -85.786249       6.511053
  -85.603899       6.542868
  -85.421549       6.574686
  -85.239199       6.606501
  -85.190224       6.760324
  -85.141249       6.914152
  -85.092274       7.067976
  -85.043299       7.221800
  -85.197199       7.251051
  -85.351099       7.280302
  -85.318048       7.388254
  -85.285000       7.496202
  -85.441500       7.460653
  -85.598000       7.425100
  -85.458050       7.539328
  -85.318100       7.653551
  -85.178150       7.767778
  -85.038200       7.882002
  -84.887039       7.971262
  -84.735880       8.060522
  -84.584721       8.149782
  -84.433559       8.239042
  -84.282400       8.328302
  -84.130760       8.275564
  -83.979120       8.222822
  -83.827480       8.170080
  -83.675840       8.117342
  -83.524200       8.064600
  -83.375349       7.940275
  -83.226500       7.815950
  -83.077648       7.691626
  -82.928799       7.567301
>