>anchorPlateId 0
>reconstructionTime 0
>Ontong.gpml Hess.gpml broken_ridge.gpml centralKerguelen.gpml northKerguelen.gpml Manihiki.gpml Africa.gpml Shatsky.gpml elan.gpml madagascar.gpml southernKerguelen.gpml conrad.gpml Agrentine.gpml iceland.gpml Hikurangi2.gpml delCano.gpml Hikurangi.gpml antarctic.gpml MendelevRidge2.gpml MendelevRidge.gpml chagon.gpml
>
>UnclassifiedFeature <identity>GPlates-3735b3bc-48ef-416b-a83a-04f5d31c0bce</identity> <revision>GPlates-5c95af3c-1754-420e-8010-5c4d1b5de84b</revision>
> shapefileAttributes KeyValueDictionary ( contour,  315356) ( PLATEID1,  802) ( FROMAGE,  90) ( TOAGE,  0) ( NAME,  ) ( DESCR,  ) ( PLATEID2,  0) ( GPGIM_TYPE,  gpml:UnclassifiedFeature) ( FEATURE_ID,  GPlates-8d9b6c0d-74b2-44a8-af43-ada7c561c684) ( RECON_METH,  ) ( L_PLATE,  0) ( R_PLATE,  0) ( SPREAD_ASY,  0) ( IMPORT_AGE,  0) ( TYPE,  )
> reconstructionPlateId 802
> validTime TimePeriod <begin> TimeInstant <timePosition>90</timePosition></begin> <end> TimeInstant <timePosition>0</timePosition></end>
> name 
> description 
> conjugatePlateId 0
> spreadingAsymmetry 0
> leftPlate 0
> rightPlate 0
> geometryImportTime TimeInstant <timePosition>0</timePosition>
  39.170000      -50.570000
  39.200003      -50.590000
  39.260000      -50.590000
  39.309999      -50.539999
  39.370001      -50.480000
  39.420000      -50.420000
  39.469999      -50.359999
  39.520002      -50.320000
  39.590002      -50.270000
  39.629999      -50.240000
  39.680002      -50.240000
  39.660002      -50.289999
  39.620001      -50.350000
  39.610003      -50.400000
  39.620001      -50.430000
  39.680002      -50.439999
  39.770002      -50.449999
  39.850000      -50.449999
  39.910002      -50.449999
  40.000002      -50.449999
  40.090002      -50.469999
  40.160002      -50.480000
  40.200003      -50.500000
  40.210001      -50.539999
  40.200003      -50.580000
  40.190001      -50.629999
  40.190001      -50.680000
  40.190001      -50.730000
  40.200003      -50.750000
  40.230001      -50.750000
  40.260000      -50.699999
  40.300001      -50.660000
  40.350000      -50.619999
  40.410002      -50.580000
  40.469999      -50.559999
  40.570002      -50.539999
  40.680002      -50.529999
  40.750002      -50.520000
  40.809999      -50.500000
  40.840002      -50.480000
  40.840002      -50.449999
  40.780001      -50.449999
  40.719999      -50.439999
  40.660002      -50.430000
  40.600000      -50.410000
  40.510000      -50.389999
  40.410002      -50.369999
  40.350000      -50.350000
  40.309999      -50.330000
  40.379999      -50.320000
  40.440001      -50.320000
  40.500002      -50.309999
  40.559999      -50.309999
  40.610003      -50.299999
  40.660002      -50.289999
  40.680002      -50.279999
  40.650000      -50.250000
  40.570002      -50.240000
  40.520002      -50.219999
  40.490000      -50.199999
  40.580000      -50.170000
  40.660002      -50.150000
  40.730001      -50.119999
  40.800001      -50.100000
  40.870001      -50.090000
  40.960001      -50.070000
  41.059999      -50.070000
  41.129999      -50.080000
  41.210001      -50.080000
  41.280001      -50.080000
  41.350000      -50.090000
  41.440001      -50.090000
  41.530001      -50.080000
  41.610003      -50.080000
  41.700003      -50.070000
  41.790003      -50.080000
  41.879999      -50.080000
  42.000002      -50.119999
  42.070002      -50.150000
  42.129999      -50.180000
  42.180002      -50.209999
  42.240000      -50.250000
  42.320002      -50.289999
  42.400000      -50.330000
  42.540003      -50.379999
  42.610003      -50.400000
  42.719999      -50.420000
  42.840002      -50.420000
  43.059999      -50.430000
  43.180002      -50.449999
  43.290003      -50.469999
  43.400000      -50.510000
  43.490000      -50.520000
  43.590002      -50.549999
  43.710001      -50.580000
  43.790003      -50.600000
  43.840002      -50.629999
  43.760000      -50.660000
  43.620001      -50.670000
  43.530001      -50.680000
  43.420000      -50.680000
  43.320002      -50.699999
  43.219999      -50.730000
  43.160002      -50.750000
  43.170000      -50.779999
  43.200003      -50.799999
  43.280001      -50.809999
  43.309999      -50.830000
  43.260000      -50.850000
  43.200003      -50.869999
  43.150000      -50.879999
  43.120001      -50.900000
  43.140001      -50.920000
  43.240000      -50.939999
  43.320002      -50.930000
  43.420000      -50.910000
  43.490000      -50.889999
  43.580000      -50.869999
  43.690001      -50.859999
  43.780001      -50.850000
  43.879999      -50.840000
  44.000002      -50.820000
  44.110003      -50.799999
  44.190001      -50.799999
  44.320002      -50.820000
  44.460001      -50.840000
  44.580000      -50.859999
  44.730001      -50.910000
  44.870001      -50.959999
  45.150000      -51.039999
  45.330000      -51.100000
  45.570002      -51.160000
  45.750002      -51.209999
  45.900000      -51.240000
  46.100000      -51.289999
  46.309999      -51.369999
  46.460001      -51.420000
  46.580000      -51.480000
  46.719999      -51.559999
  46.870001      -51.670000
  47.010000      -51.770000
  47.129999      -51.850000
  47.219999      -51.930000
  47.320002      -52.000000
  47.440001      -52.090000
  47.590002      -52.189999
  47.700003      -52.270000
  47.790003      -52.320000
  47.890001      -52.379999
  48.000002      -52.430000
  48.129999      -52.480000
  48.309999      -52.529999
  48.510000      -52.559999
  48.660002      -52.590000
  48.840002      -52.619999
  48.960001      -52.639999
  49.050001      -52.650000
  49.170000      -52.660000
  49.270002      -52.689999
  49.370001      -52.699999
  49.480001      -52.740000
  49.580000      -52.740000
  49.719999      -52.730000
  49.820002      -52.740000
  49.879999      -52.750000
  49.960001      -52.760000
  49.920000      -52.820000
  49.840002      -52.869999
  49.780001      -52.939999
  49.719999      -53.020000
  49.690001      -53.109999
  49.680002      -53.209999
  49.680002      -53.330000
  49.710001      -53.439999
  49.760000      -53.549999
  49.790003      -53.609999
  49.870001      -53.709999
  49.940001      -53.789999
  50.020002      -53.859999
  50.129999      -53.930000
  50.250002      -53.969999
  50.309999      -53.990000
  50.480001      -53.949999
  50.629999      -53.900000
  50.740000      -53.859999
  50.879999      -53.809999
  50.990000      -53.760000
  51.110003      -53.709999
  51.230001      -53.680000
  51.350000      -53.670000
  51.480001      -53.680000
  51.580000      -53.680000
  51.650000      -53.699999
  51.680002      -53.760000
  51.700003      -53.830000
  51.719999      -53.910000
  51.750002      -53.990000
  51.730001      -54.090000
  51.710001      -54.180000
  51.629999      -54.299999
  51.559999      -54.379999
  51.480001      -54.459999
  51.379999      -54.529999
  51.290003      -54.619999
  51.180002      -54.709999
  51.040003      -54.789999
  50.930002      -54.850000
  50.840002      -54.879999
  50.680002      -54.879999
  50.540003      -54.879999
  50.420000      -54.879999
  50.290003      -54.850000
  50.190001      -54.809999
  50.110003      -54.779999
  50.000002      -54.750000
  49.840002      -54.699999
  49.730001      -54.650000
  49.620001      -54.600000
  49.490000      -54.529999
  49.400000      -54.480000
  49.309999      -54.410000
  49.210001      -54.350000
  49.129999      -54.289999
  49.010000      -54.219999
  48.860003      -54.160000
  48.640001      -54.090000
  48.450003      -54.049999
  48.280001      -54.029999
  48.090002      -54.000000
  47.900000      -53.959999
  47.750002      -53.930000
  47.650000      -53.869999
  47.540003      -53.830000
  47.420000      -53.779999
  47.290003      -53.740000
  47.120001      -53.709999
  46.969999      -53.689999
  46.730001      -53.680000
  46.570002      -53.699999
  46.370001      -53.719999
  46.260000      -53.730000
  46.120001      -53.750000
  46.000002      -53.779999
  45.870001      -53.850000
  45.760000      -53.910000
  45.640001      -53.969999
  45.540003      -54.029999
  45.440001      -54.100000
  45.350000      -54.170000
  45.290003      -54.230000
  45.200003      -54.309999
  45.100000      -54.340000
  45.010000      -54.359999
  44.730001      -54.400000
  44.580000      -54.410000
  44.430002      -54.420000
  44.219999      -54.449999
  44.040003      -54.449999
  43.820002      -54.449999
  43.680002      -54.459999
  43.530001      -54.469999
  43.410002      -54.469999
  43.309999      -54.490000
  43.190001      -54.520000
  43.120001      -54.559999
  43.110003      -54.590000
  43.120001      -54.609999
  43.170000      -54.629999
  43.270002      -54.660000
  43.360003      -54.680000
  43.440001      -54.709999
  43.530001      -54.750000
  43.559999      -54.799999
  43.550001      -54.840000
  43.490000      -54.900000
  43.390001      -54.930000
  43.270002      -54.949999
  43.090002      -54.959999
  42.950003      -54.939999
  42.830000      -54.920000
  42.700003      -54.900000
  42.590002      -54.859999
  42.400000      -54.840000
  42.280001      -54.850000
  42.160002      -54.889999
  42.059999      -54.959999
  42.000002      -55.029999
  41.960001      -55.109999
  41.930002      -55.189999
  41.900000      -55.279999
  41.830000      -55.350000
  41.730001      -55.410000
  41.620001      -55.449999
  41.360003      -55.459999
  41.170000      -55.469999
  41.010000      -55.500000
  40.800001      -55.549999
  40.650000      -55.590000
  40.490000      -55.629999
  40.330000      -55.650000
  40.190001      -55.670000
  40.050001      -55.689999
  39.890001      -55.719999
  39.710001      -55.760000
  39.580000      -55.779999
  39.490000      -55.789999
  39.410002      -55.789999
  39.330000      -55.779999
  39.270002      -55.770000
  39.180002      -55.760000
  39.090002      -55.740000
  38.990000      -55.699999
  38.900000      -55.670000
  38.879999      -55.619999
  38.870001      -55.580000
  38.850000      -55.520000
  38.820002      -55.449999
  38.790003      -55.389999
  38.750002      -55.320000
  38.730001      -55.260000
  38.730001      -55.230000
  38.700003      -55.180000
  38.640001      -55.160000
  38.600000      -55.160000
  38.540003      -55.180000
  38.500002      -55.189999
  38.420000      -55.219999
  38.350000      -55.250000
  38.240000      -55.279999
  38.150000      -55.309999
  38.030001      -55.340000
  37.910002      -55.369999
  37.790003      -55.379999
  37.680002      -55.389999
  37.580000      -55.369999
  37.450003      -55.350000
  37.390001      -55.320000
  37.350000      -55.260000
  37.330000      -55.199999
  37.360003      -55.160000
  37.410002      -55.119999
  37.450003      -55.080000
  37.520002      -55.039999
  37.559999      -55.000000
  37.629999      -54.959999
  37.710001      -54.879999
  37.770002      -54.789999
  37.840002      -54.719999
  37.890001      -54.619999
  37.940001      -54.520000
  37.990000      -54.439999
  38.070002      -54.330000
  38.129999      -54.240000
  38.210001      -54.119999
  38.270002      -54.020000
  38.330000      -53.910000
  38.379999      -53.809999
  38.450003      -53.699999
  38.500002      -53.619999
  38.570002      -53.529999
  38.650000      -53.459999
  38.730001      -53.400000
  38.809999      -53.359999
  38.809999      -53.299999
  38.820002      -53.240000
  38.840002      -53.199999
  38.840002      -53.150000
  38.790003      -53.170000
  38.740000      -53.180000
  38.719999      -53.129999
  38.740000      -53.039999
  38.790003      -52.969999
  38.860003      -52.920000
  38.930002      -52.850000
  38.990000      -52.770000
  39.010000      -52.660000
  38.980001      -52.539999
  38.950003      -52.439999
  38.860003      -52.340000
  38.800001      -52.260000
  38.780001      -52.230000
  38.809999      -52.209999
  38.780001      -52.170000
  38.700003      -52.129999
  38.650000      -52.049999
  38.650000      -51.990000
  38.670000      -51.879999
  38.690001      -51.830000
  38.730001      -51.789999
  38.770002      -51.750000
  38.800001      -51.730000
  38.790003      -51.680000
  38.740000      -51.660000
  38.680002      -51.660000
  38.629999      -51.650000
  38.580000      -51.639999
  38.550001      -51.600000
  38.550001      -51.549999
  38.559999      -51.490000
  38.580000      -51.430000
  38.590002      -51.389999
  38.660002      -51.340000
  38.690001      -51.320000
  38.719999      -51.270000
  38.760000      -51.199999
  38.800001      -51.139999
  38.850000      -51.100000
  38.910002      -51.059999
  39.000002      -51.010000
  39.059999      -50.969999
  39.129999      -50.920000
  39.150000      -50.879999
  39.070002      -50.900000
  38.969999      -50.949999
  38.870001      -50.980000
  38.780001      -51.000000
  38.690001      -51.020000
  38.640001      -51.049999
  38.580000      -51.059999
  38.580000      -51.020000
  38.620001      -50.959999
  38.660002      -50.910000
  38.730001      -50.809999
  38.790003      -50.719999
  38.830000      -50.639999
  38.879999      -50.559999
  38.920000      -50.480000
  38.950003      -50.379999
  38.980001      -50.309999
  39.000002      -50.240000
  39.020002      -50.150000
  39.050001      -50.080000
  39.100000      -50.010000
  39.150000      -49.959999
  39.200003      -49.910000
  39.270002      -49.840000
  39.320002      -49.820000
  39.350000      -49.789999
  39.420000      -49.799999
  39.450003      -49.850000
  39.450003      -49.910000
  39.410002      -49.990000
  39.379999      -50.059999
  39.350000      -50.129999
  39.320002      -50.199999
  39.290003      -50.270000
  39.270002      -50.330000
  39.240000      -50.379999
  39.210001      -50.449999
  39.180002      -50.520000
  39.170000      -50.570000
>