>anchorPlateId 0
>reconstructionTime 0
>WestPacificLIP.gpml Tutamounts_seamounts.gpml CoralSeaLIP.gpml PacificSeaMounts_b.gpml PacificSeaMounts_a.gpml PacificSeaMounts_c.gpml CanningBasin.gpml Kerguelen_plateau.gpml NorthAtlanticLIP.gpml
>Global_EB_250-0Ma_GK07_Matthews++.rot Global_EB_410-250Ma_GK07_Matthews++.rot Global_EB_410-250Ma_GK07_Matthews++.rot Global_EB_250-0Ma_GK07_Matthews++.rot
>LargeIgneousProvince <identity>GPlates-c4795597-5d4f-4c3f-b168-665ffa06cb48</identity> <revision>GPlates-372bc15a-db01-4456-9d57-8033c1ecf94e</revision>
> name 
> description LOUISADE PLATEAU, NORTH OF CORAL SEA
> shapefileAttributes KeyValueDictionary ( PLATEID1,  836) ( TYPE,  VP) ( FROMAGE,  100) ( TOAGE,  0) ( NAME,  ) ( DESCR,  LOUISADE PLATEAU, NORTH OF CORAL SEA) ( GPGIM_TYPE,  gpml:LargeIgneousProvince) ( FEATURE_ID,  GPlates-f9a00dd9-b810-4f88-804f-5272e56e837a) ( REF,  Coffin, 2011 (PLATES project)) ( PLATEID2,  0) ( RECON_METH,  ) ( L_PLATE,  0) ( R_PLATE,  0) ( SPREAD_ASY,  0) ( IMPORT_AGE,  0)
> validTime TimePeriod <begin> TimeInstant <timePosition>100</timePosition></begin> <end> TimeInstant <timePosition>0</timePosition></end>
> reconstructionPlateId 836
> geometryImportTime TimeInstant <timePosition>0</timePosition>
> conjugatePlateId 0
> leftPlate 0
> rightPlate 0
> spreadingAsymmetry 0
  157.944201      -10.168900
  157.955202      -10.170599
  157.968100      -10.164499
  157.987902      -10.152199
  157.995802      -10.147200
  158.015600      -10.133999
  158.037703      -10.136499
  158.055799      -10.139099
  158.075701      -10.132799
  158.089602      -10.128599
  158.107702      -10.129200
  158.118601      -10.125000
  158.134703      -10.125700
  158.148802      -10.131300
  158.167101      -10.145800
  158.171499      -10.163399
  158.183203      -10.194700
  158.183500      -10.209499
  158.189699      -10.221199
  158.221003      -10.231400
  158.246000      -10.232899
  158.267900      -10.223600
  158.287703      -10.213400
  158.307302      -10.193300
  158.323000      -10.177200
  158.351801      -10.161800
  158.366602      -10.152700
  158.384501      -10.147400
  158.408503      -10.143000
  158.429602      -10.144499
  158.440599      -10.143299
  158.454401      -10.134199
  158.460199      -10.123199
  158.467001      -10.114199
  158.488001      -10.109900
  158.511000      -10.109400
  158.530001      -10.109999
  158.551203      -10.114500
  158.564302      -10.122200
  158.575701      -10.138699
  158.579901      -10.148500
  158.577299      -10.167200
  158.572401      -10.173300
  158.567602      -10.185200
  158.569902      -10.196999
  158.571100      -10.208799
  158.568602      -10.230499
  158.579500      -10.273600
  158.590300      -10.312799
  158.592501      -10.373899
  158.594500      -10.423100
  158.600401      -10.467300
  158.600203      -10.506699
  158.593203      -10.554100
  158.597799      -10.585499
  158.602900      -10.635599
  158.601400      -10.663099
  158.589201      -10.700800
  158.572901      -10.738499
  158.557100      -10.749599
  158.543402      -10.763699
  158.520800      -10.786699
  158.498301      -10.812799
  158.475599      -10.831900
  158.462900      -10.845900
  158.444403      -10.873800
  158.426901      -10.897800
  158.407301      -10.920700
  158.387602      -10.936899
  158.355902      -10.954199
  158.329100      -10.966499
  158.306200      -10.975800
  158.275400      -10.986300
  158.247400      -10.988800
  158.224401      -10.992199
  158.206499      -10.998400
  158.189699      -11.006599
  158.170900      -11.020700
  158.148401      -11.043800
  158.135702      -11.062700
  158.126101      -11.082600
  158.115702      -11.111300
  158.107100      -11.133999
  158.105700      -11.160599
  158.106001      -11.179199
  158.101400      -11.196999
  158.094702      -11.213900
  158.080099      -11.231800
  158.055300      -11.246099
  158.030600      -11.260300
  158.007902      -11.276499
  157.983000      -11.285799
  157.951101      -11.293299
  157.935202      -11.297499
  157.919302      -11.305700
  157.902502      -11.318800
  157.892702      -11.329800
  157.885099      -11.346600
  157.879702      -11.378099
  157.884001      -11.391800
  157.901300      -11.405199
  157.916403      -11.406900
  157.933302      -11.403599
  157.955202      -11.395300
  157.976103      -11.389999
  158.003202      -11.393400
  158.021299      -11.395000
  158.031401      -11.400700
  158.056902      -11.420799
  158.068399      -11.445099
  158.079802      -11.463499
  158.092302      -11.484900
  158.103502      -11.497400
  158.112700      -11.507000
  158.124903      -11.513699
  158.151899      -11.513100
  158.183901      -11.506599
  158.229799      -11.498899
  158.264002      -11.505999
  158.293001      -11.505499
  158.306002      -11.504200
  158.328199      -11.508699
  158.346399      -11.517200
  158.358603      -11.525799
  158.371801      -11.537300
  158.384199      -11.553699
  158.392500      -11.568300
  158.401899      -11.587700
  158.406401      -11.612099
  158.408800      -11.632700
  158.408201      -11.653299
  158.403700      -11.675900
  158.401201      -11.701500
  158.393499      -11.717300
  158.381903      -11.738199
  158.365499      -11.765900
  158.342699      -11.778099
  158.330000      -11.794100
  158.309401      -11.814100
  158.292803      -11.837900
  158.277300      -11.864700
  158.264700      -11.885500
  158.252401      -11.919100
  158.243902      -11.943699
  158.239401      -11.970299
  158.232000      -11.996899
  158.237402      -12.020199
  158.236101      -12.052599
  158.237700      -12.082899
  158.248301      -12.110100
  158.261801      -12.135300
  158.281401      -12.159399
  158.298700      -12.174700
  158.320002      -12.188000
  158.358500      -12.209799
  158.383802      -12.220100
  158.406000      -12.229399
  158.435301      -12.238600
  158.469500      -12.247700
  158.525801      -12.256399
  158.543901      -12.260000
  158.578001      -12.264200
  158.598101      -12.264799
  158.640200      -12.266899
  158.674299      -12.267200
  158.721300      -12.266300
  158.769400      -12.263399
  158.810499      -12.264500
  158.836500      -12.264999
  158.870501      -12.263399
  158.904600      -12.262699
  158.933702      -12.268000
  158.989801      -12.266899
  159.034800      -12.261099
  159.067900      -12.262400
  159.100000      -12.264799
  159.136999      -12.263100
  159.192301      -12.271799
  159.224302      -12.272100
  159.248400      -12.270700
  159.305601      -12.275400
  159.330900      -12.288599
  159.363199      -12.302700
  159.388601      -12.320700
  159.406000      -12.336100
  159.409201      -12.347700
  159.425901      -12.380699
  159.431299      -12.400099
  159.424700      -12.417900
  159.418200      -12.444399
  159.413603      -12.463100
  159.412802      -12.474800
  159.413099      -12.489500
  159.422503      -12.506899
  159.431700      -12.518400
  159.441000      -12.531000
  159.451300      -12.543499
  159.465700      -12.560799
  159.471800      -12.566500
  159.474199      -12.587000
  159.470602      -12.607599
  159.463102      -12.628300
  159.451502      -12.649000
  159.441900      -12.669699
  159.440100      -12.680500
  159.443399      -12.695099
  159.450701      -12.706699
  159.469400      -12.740499
  159.478701      -12.753000
  159.483301      -12.785099
  159.480001      -12.817400
  159.471701      -12.853699
  159.456301      -12.885300
  159.434999      -12.917900
  159.415400      -12.939699
  159.391901      -12.966499
  159.368402      -12.992399
  159.343801      -13.015299
  159.319201      -13.038200
  159.282602      -13.059399
  159.262701      -13.064699
  159.227800      -13.075100
  159.189001      -13.087599
  159.149202      -13.099100
  159.111300      -13.108599
  159.084402      -13.116899
  159.068502      -13.120199
  159.046701      -13.135199
  159.025103      -13.155100
  159.006601      -13.179899
  158.983000      -13.200800
  158.962500      -13.230400
  158.950003      -13.252100
  158.937300      -13.268999
  158.911501      -13.284100
  158.885702      -13.292400
  158.859800      -13.303600
  158.840101      -13.316599
  158.822203      -13.325800
  158.803499      -13.340799
  158.788801      -13.355700
  158.770300      -13.382299
  158.756601      -13.395199
  158.746801      -13.406200
  158.729002      -13.422100
  158.716200      -13.430099
  158.697401      -13.439299
  158.679300      -13.436699
  158.666201      -13.432999
  158.656000      -13.426399
  158.649801      -13.417799
  158.648500      -13.402199
  158.658102      -13.378599
  158.661699      -13.362999
  158.670202      -13.335499
  158.678701      -13.313000
  158.688299      -13.289400
  158.696901      -13.271700
  158.711401      -13.247000
  158.723101      -13.228300
  158.742601      -13.203499
  158.752302      -13.186800
  158.760900      -13.168100
  158.778299      -13.136499
  158.793600      -13.103100
  158.802202      -13.084400
  158.810801      -13.063700
  158.824202      -13.029299
  158.835501      -12.994999
  158.840902      -12.967499
  158.844400      -12.942099
  158.843801      -12.912800
  158.840300      -12.890400
  158.834002      -12.875900
  158.811701      -12.863699
  158.795603      -12.857100
  158.774401      -12.852699
  158.753401      -12.852100
  158.737402      -12.851400
  158.715502      -12.858700
  158.692499      -12.863100
  158.656603      -12.869600
  158.596102      -12.898100
  158.564302      -12.910500
  158.523401      -12.921999
  158.465902      -12.948500
  158.422201      -12.968899
  158.382601      -12.991100
  158.322100      -13.023500
  158.290503      -13.044600
  158.260801      -13.061800
  158.220102      -13.080099
  158.198301      -13.090300
  158.179399      -13.096500
  158.153502      -13.102900
  158.119303      -13.095699
  158.085302      -13.052500
  158.058599      -13.019899
  158.014902      -12.991400
  157.997702      -12.978100
  157.975100      -12.954199
  157.959803      -12.941799
  157.937502      -12.928600
  157.926401      -12.922899
  157.904303      -12.919399
  157.886202      -12.916899
  157.868200      -12.918200
  157.854200      -12.921400
  157.840300      -12.927500
  157.825502      -12.938499
  157.814802      -12.950499
  157.811102      -12.967100
  157.813501      -12.985600
  157.831900      -13.006699
  157.857203      -13.018900
  157.878500      -13.029200
  157.904802      -13.042400
  157.927099      -13.053600
  157.942400      -13.070900
  157.964102      -13.101700
  157.974501      -13.117100
  157.979002      -13.142399
  157.984400      -13.163700
  157.984701      -13.176399
  157.981802      -13.184200
  157.973001      -13.194199
  157.956202      -13.202299
  157.930201      -13.205700
  157.900103      -13.204399
  157.875902      -13.198000
  157.853701      -13.188700
  157.834501      -13.181299
  157.810400      -13.179800
  157.773500      -13.183399
  157.735701      -13.195900
  157.709803      -13.205099
  157.662302      -13.235300
  157.630602      -13.253500
  157.607901      -13.269499
  157.563501      -13.299599
  157.521101      -13.336500
  157.484900      -13.375200
  157.445501      -13.406200
  157.414103      -13.439899
  157.391600      -13.467600
  157.366102      -13.495399
  157.330801      -13.530100
  157.301401      -13.560900
  157.266100      -13.597599
  157.215902      -13.643299
  157.185499      -13.675100
  157.149202      -13.713699
  157.124800      -13.744299
  157.109201      -13.764099
  157.060202      -13.866199
  157.021101      -13.912600
  156.999300      -13.921799
  156.963602      -13.939999
  156.914900      -13.959400
  156.872202      -13.977699
  156.827501      -13.996099
  156.790800      -14.012299
  156.749102      -14.031599
  156.704401      -14.049900
  156.665701      -14.067200
  156.629000      -14.085400
  156.592501      -14.111399
  156.561899      -14.133299
  156.521200      -14.154499
  156.496401      -14.163700
  156.446600      -14.177299
  156.409601      -14.181900
  156.378401      -14.177700
  156.341299      -14.173500
  156.313101      -14.167299
  156.288000      -14.165800
  156.272001      -14.167099
  156.254103      -14.172300
  156.221502      -14.195299
  156.189901      -14.214300
  156.163099      -14.225500
  156.136301      -14.239599
  156.112402      -14.246899
  156.083502      -14.253300
  156.067602      -14.257500
  156.054602      -14.261599
  156.036699      -14.268799
  156.022902      -14.278700
  156.009199      -14.292599
  156.005301      -14.301399
  156.004602      -14.314999
  156.012800      -14.325499
  156.037001      -14.330799
  156.060801      -14.317799
  156.091402      -14.296799
  156.122301      -14.288399
  156.145201      -14.284100
  156.172300      -14.286499
  156.202501      -14.289799
  156.229403      -14.287300
  156.243402      -14.283199
  156.271101      -14.267099
  156.286001      -14.259100
  156.300001      -14.257799
  156.324301      -14.272900
  156.330702      -14.292200
  156.323301      -14.319500
  156.306803      -14.347900
  156.283102      -14.364899
  156.254602      -14.387699
  156.229902      -14.405699
  156.197203      -14.422800
  156.161501      -14.443899
  156.121801      -14.458200
  156.085802      -14.460800
  156.048700      -14.459600
  156.026602      -14.455200
  156.004499      -14.455599
  155.974501      -14.456200
  155.956499      -14.460400
  155.944700      -14.468399
  155.928102      -14.493000
  155.909502      -14.513699
  155.890902      -14.533499
  155.871302      -14.552299
  155.852503      -14.565199
  155.822599      -14.571600
  155.801702      -14.576899
  155.788702      -14.581999
  155.770903      -14.593000
  155.756601      -14.627199
  155.754900      -14.642700
  155.757299      -14.659100
  155.763700      -14.680300
  155.771200      -14.703400
  155.778799      -14.731300
  155.782103      -14.745800
  155.782602      -14.768999
  155.782103      -14.792299
  155.777502      -14.812700
  155.772802      -14.828300
  155.763201      -14.849800
  155.753500      -14.865400
  155.746702      -14.875299
  155.735102      -14.891899
  155.733202      -14.898699
  155.727400      -14.906599
  155.721601      -14.918299
  155.719801      -14.927999
  155.720900      -14.935699
  155.726103      -14.940500
  155.736300      -14.949999
  155.742300      -14.949799
  155.759199      -14.946600
  155.770201      -14.944500
  155.781099      -14.940399
  155.787203      -14.941200
  155.798300      -14.945900
  155.801401      -14.950600
  155.800699      -14.967100
  155.797102      -14.986500
  155.792402      -14.998199
  155.793699      -15.011700
  155.793901      -15.021400
  155.796000      -15.029100
  155.799200      -15.039700
  155.804399      -15.044399
  155.813402      -15.047100
  155.830400      -15.043900
  155.832300      -15.041000
  155.847101      -15.028099
  155.853903      -15.018299
  155.862600      -15.001699
  155.871302      -14.989899
  155.876200      -14.984999
  155.886301      -14.985800
  155.898302      -14.987499
  155.906401      -14.988300
  155.916601      -14.997700
  155.922800      -15.008299
  155.928102      -15.022699
  155.923601      -15.045000
  155.914103      -15.070299
  155.906603      -15.097500
  155.895002      -15.115200
  155.886301      -15.133699
  155.879499      -15.144499
  155.874800      -15.157099
  155.872900      -15.161999
  155.870100      -15.171700
  155.873201      -15.176500
  155.877302      -15.180300
  155.890501      -15.188700
  155.904501      -15.189400
  155.916502      -15.188200
  155.938200      -15.173300
  155.965799      -15.150499
  155.980700      -15.142500
  155.998701      -15.143099
  156.011801      -15.144800
  156.018000      -15.154400
  156.015303      -15.169899
  156.006701      -15.188400
  155.982401      -15.226599
  155.968901      -15.248100
  155.957201      -15.265699
  155.939699      -15.292099
  155.924200      -15.317499
  155.913702      -15.339899
  155.909101      -15.364199
  155.901400      -15.375900
  155.895700      -15.392399
  155.892099      -15.409899
  155.887503      -15.432199
  155.889200      -15.465900
  155.886202      -15.514200
  155.888002      -15.553699
  155.880800      -15.592499
  155.879301      -15.613699
  155.871901      -15.646599
  155.870199      -15.659199
  155.864599      -15.677599
  155.858000      -15.698000
  155.846399      -15.719400
  155.826902      -15.744900
  155.814100      -15.753799
  155.791201      -15.763899
  155.773401      -15.772900
  155.729403      -15.777599
  155.691999      -15.762899
  155.649599      -15.746399
  155.623400      -15.737200
  155.601103      -15.726099
  155.577600      -15.705299
  155.557302      -15.691299
  155.539000      -15.676199
  155.527601      -15.661999
  155.517302      -15.643799
  155.509901      -15.625700
  155.505701      -15.617100
  155.498400      -15.604700
  155.496202      -15.592199
  155.495901      -15.578699
  155.497602      -15.563200
  155.503302      -15.551500
  155.519701      -15.518400
  155.531202      -15.496899
  155.534002      -15.484299
  155.538603      -15.465000
  155.538000      -15.437000
  155.524599      -15.416000
  155.510000      -15.392099
  155.497702      -15.378899
  155.488501      -15.369400
  155.479200      -15.355099
  155.475901      -15.342600
  155.473700      -15.330999
  155.475203      -15.304899
  155.480803      -15.288399
  155.486601      -15.277700
  155.498301      -15.262999
  155.513102      -15.251999
  155.523001      -15.245100
  155.545900      -15.240799
  155.570002      -15.239399
  155.594000      -15.238899
  155.611902      -15.234699
  155.626902      -15.231499
  155.632799      -15.224600
  155.642401      -15.206100
  155.647100      -15.192499
  155.650801      -15.175999
  155.654402      -15.159500
  155.658201      -15.144899
  155.659903      -15.133200
  155.660700      -15.123600
  155.660501      -15.111000
  155.656202      -15.099499
  155.646002      -15.091000
  155.621599      -15.073099
  155.608202      -15.055000
  155.596903      -15.040699
  155.590700      -15.030199
  155.580301      -15.011999
  155.567900      -14.997700
  155.564901      -14.993900
  155.553701      -14.984499
  155.516302      -14.970699
  155.476103      -14.964699
  155.443701      -14.949799
  155.412302      -14.930099
  155.392000      -14.917000
  155.370600      -14.900900
  155.353201      -14.884800
  155.337801      -14.865700
  155.323301      -14.843800
  155.324701      -14.766300
  155.321302      -14.744099
  155.315802      -14.722900
  155.312502      -14.705500
  155.315100      -14.689999
  155.318800      -14.674400
  155.323500      -14.660700
  155.330500      -14.655800
  155.341299      -14.648800
  155.358400      -14.651300
  155.376402      -14.650000
  155.393499      -14.651600
  155.410501      -14.651300
  155.425501      -14.650000
  155.437300      -14.641100
  155.443201      -14.633200
  155.448999      -14.622499
  155.450602      -14.604000
  155.449301      -14.588499
  155.446802      -14.566299
  155.442400      -14.548899
  155.437101      -14.533499
  155.431902      -14.523899
  155.431700      -14.515200
  155.430601      -14.508400
  155.430300      -14.495800
  155.433100      -14.482199
  155.441603      -14.457800
  155.444002      -14.430599
  155.445700      -14.413099
  155.449202      -14.391699
  155.453001      -14.379999
  155.457701      -14.364399
  155.445299      -14.347200
  155.436602      -14.314400
  155.429003      -14.284399
  155.421301      -14.254499
  155.410700      -14.225599
  155.399000      -14.192799
  155.388399      -14.161900
  155.375799      -14.135000
  155.363100      -14.103199
  155.348501      -14.076300
  155.338202      -14.057999
  155.331900      -14.045500
  155.327700      -14.034899
  155.327200      -14.012600
  155.329802      -13.996000
  155.337400      -13.971600
  155.344202      -13.964600
  155.360003      -13.954599
  155.376001      -13.948500
  155.393801      -13.940399
  155.412600      -13.928299
  155.426401      -13.917400
  155.439302      -13.909300
  155.453001      -13.895500
  155.460699      -13.879799
  155.452902      -13.841000
  155.453402      -13.820599
  155.445803      -13.790600
  155.438501      -13.775200
  155.430101      -13.758799
  155.413603      -13.733799
  155.388102      -13.711000
  155.367502      -13.684099
  155.306402      -13.636700
  155.281000      -13.617699
  155.250502      -13.598799
  155.210699      -13.561699
  155.181902      -13.527199
  155.159502      -13.509100
  155.141199      -13.493900
  155.097700      -13.475300
  155.060202      -13.454599
  155.009703      -13.433100
  154.975401      -13.421200
  154.942701      -13.391600
  154.923300      -13.374399
  154.905901      -13.353300
  154.884100      -13.318699
  154.844900      -13.263899
  154.821402      -13.237999
  154.804899      -13.216900
  154.794500      -13.200499
  154.788099      -13.181200
  154.788801      -13.166500
  154.792299      -13.140099
  154.792002      -13.125500
  154.791601      -13.107000
  154.789400      -13.095299
  154.787001      -13.078800
  154.782701      -13.062300
  154.779303      -13.044800
  154.774900      -13.026400
  154.776602      -13.011700
  154.776400      -12.998999
  154.782602      -12.962799
  154.790003      -12.930399
  154.796400      -12.900999
  154.801001      -12.884300
  154.808500      -12.857800
  154.816000      -12.833300
  154.826502      -12.806700
  154.836203      -12.790899
  154.844801      -12.771200
  154.857302      -12.746500
  154.865000      -12.729799
  154.874601      -12.710100
  154.885000      -12.680599
  154.889402      -12.651199
  154.900801      -12.619699
  154.908400      -12.598000
  154.911001      -12.577400
  154.915400      -12.551899
  154.919203      -12.539200
  154.933702      -12.514500
  154.948400      -12.496599
  154.954000      -12.477900
  154.959501      -12.455299
  154.968000      -12.429699
  154.974600      -12.409000
  154.979403      -12.395199
  154.986101      -12.381399
  154.996801      -12.366499
  155.039000      -12.324600
  155.056803      -12.312500
  155.073500      -12.299500
  155.096003      -12.270700
  155.104700      -12.255800
  155.114401      -12.237999
  155.124800      -12.209400
  155.141401      -12.186600
  155.152102      -12.173700
  155.159903      -12.159800
  155.171801      -12.155699
  155.198801      -12.155100
  155.220800      -12.151800
  155.239599      -12.141600
  155.261400      -12.126499
  155.285200      -12.115299
  155.335901      -12.096600
  155.367800      -12.088200
  155.406603      -12.076700
  155.440599      -12.073099
  155.479502      -12.065399
  155.520399      -12.056799
  155.556402      -12.053200
  155.601301      -12.044399
  155.642302      -12.041700
  155.679201      -12.036100
  155.706202      -12.030600
  155.719202      -12.029400
  155.771799      -12.004900
  155.792501      -11.991699
  155.825300      -11.979300
  155.858000      -11.960100
  155.875601      -11.938200
  155.900103      -11.915199
  155.932600      -11.883200
  155.961000      -11.853199
  155.985502      -11.829199
  155.998201      -11.812300
  156.021902      -11.796200
  156.040701      -11.783100
  156.052603      -11.775999
  156.070501      -11.723600
  156.093401      -11.663399
  156.102900      -11.639700
  156.114302      -11.608000
  156.126699      -11.578400
  156.135302      -11.557600
  156.148802      -11.533800
  156.172201      -11.501900
  156.193602      -11.472099
  156.208200      -11.450199
  156.225901      -11.434099
  156.243402      -11.409300
  156.258101      -11.392300
  156.270601      -11.363600
  156.274202      -11.343899
  156.277903      -11.329100
  156.281603      -11.318199
  156.299299      -11.300200
  156.312002      -11.285200
  156.341803      -11.269899
  156.369600      -11.256599
  156.387400      -11.245399
  156.403101      -11.231300
  156.410803      -11.214500
  156.419203      -11.187799
  156.428701      -11.163099
  156.432501      -11.153200
  156.441202      -11.134300
  156.449900      -11.121399
  156.469702      -11.110199
  156.506300      -11.086899
  156.528101      -11.073700
  156.544901      -11.060600
  156.566702      -11.048300
  156.582399      -11.032299
  156.604002      -11.013199
  156.614801      -11.000200
  156.630602      -10.991100
  156.646402      -10.981899
  156.661303      -10.972799
  156.669203      -10.967699
  156.689001      -10.957500
  156.707899      -10.948200
  156.724802      -10.945900
  156.742800      -10.940699
  156.753599      -10.932600
  156.761400      -10.922600
  156.767099      -10.905800
  156.772600      -10.882099
  156.785002      -10.847399
  156.789400      -10.819799
  156.793001      -10.800999
  156.797503      -10.775400
  156.799299      -10.764500
  156.805902      -10.743700
  156.820803      -10.738499
  156.844500      -10.719400
  156.863100      -10.698299
  156.902601      -10.672899
  156.919302      -10.656900
  156.926901      -10.636099
  156.943300      -10.607199
  156.954702      -10.576500
  156.974199      -10.546499
  156.984800      -10.527599
  156.998400      -10.508600
  157.015802      -10.476799
  157.036303      -10.447800
  157.049803      -10.424900
  157.061502      -10.408899
  157.091002      -10.379799
  157.108702      -10.362700
  157.132299      -10.341499
  157.155001      -10.324400
  157.185701      -10.309000
  157.218500      -10.294500
  157.246302      -10.283100
  157.293001      -10.263500
  157.357000      -10.259300
  157.413000      -10.253300
  157.446901      -10.244699
  157.488901      -10.240900
  157.526899      -10.239199
  157.545000      -10.240799
  157.570700      -10.223499
  157.616301      -10.202900
  157.661303      -10.196100
  157.693300      -10.197500
  157.710402      -10.197100
  157.735003      -10.176899
  157.749701      -10.159899
  157.772200      -10.136799
  157.784903      -10.120800
  157.804701      -10.104599
  157.821501      -10.095400
  157.843500      -10.091999
  157.860399      -10.087700
  157.877600      -10.097200
  157.904001      -10.112499
  157.920401      -10.130899
  157.928602      -10.142599
  157.936003      -10.159199
  157.944201      -10.168900
>