>anchorPlateId 0
>reconstructionTime 0
>Ontong.gpml Hess.gpml broken_ridge.gpml centralKerguelen.gpml northKerguelen.gpml Manihiki.gpml Africa.gpml Shatsky.gpml elan.gpml madagascar.gpml southernKerguelen.gpml conrad.gpml Agrentine.gpml iceland.gpml Hikurangi2.gpml delCano.gpml Hikurangi.gpml antarctic.gpml MendelevRidge2.gpml MendelevRidge.gpml chagon.gpml
>
>LargeIgneousProvince <identity>GPlates-51bb2f1c-3be6-4131-9076-292393cd700d</identity> <revision>GPlates-cc5f2059-90ff-413e-98b0-cf527b41f14a</revision>
> name 2000 METERS DEL CANO RISE
> description 
> shapefileAttributes KeyValueDictionary ( PLATEID1,  802) ( TYPE,  VP) ( FROMAGE,  61) ( TOAGE,  0) ( NAME,  2000 METERS DEL CANO RISE) ( DESCR,  ) ( GPGIM_TYPE,  gpml:LargeIgneousProvince) ( FEATURE_ID,  GPlates-94abbe08-3745-4629-ad84-ae081abed696) ( REF,  EarthByte Database) ( PLATEID2,  0) ( RECON_METH,  ) ( L_PLATE,  0) ( R_PLATE,  0) ( SPREAD_ASY,  0) ( IMPORT_AGE,  0)
> validTime TimePeriod <begin> TimeInstant <timePosition>61</timePosition></begin> <end> TimeInstant <timePosition>0</timePosition></end>
> reconstructionPlateId 802
> geometryImportTime TimeInstant <timePosition>0</timePosition>
> conjugatePlateId 0
> leftPlate 0
> rightPlate 0
> spreadingAsymmetry 0
  45.080000      -44.049999
  45.200003      -44.070000
  45.290003      -44.080000
  45.420000      -44.070000
  45.540003      -44.070000
  45.650000      -44.080000
  45.700003      -44.080000
  45.830000      -44.109999
  45.930002      -44.129999
  46.030001      -44.160000
  46.100000      -44.199999
  46.170000      -44.279999
  46.210001      -44.340000
  46.250002      -44.379999
  46.320002      -44.430000
  46.370001      -44.500000
  46.410002      -44.559999
  46.440001      -44.609999
  46.530001      -44.619999
  46.580000      -44.650000
  46.640001      -44.670000
  46.660002      -44.680000
  46.710001      -44.730000
  46.740000      -44.779999
  46.790003      -44.809999
  46.820002      -44.850000
  46.780001      -44.869999
  46.740000      -44.900000
  46.740000      -44.939999
  46.800001      -44.980000
  46.850000      -45.010000
  46.920000      -45.039999
  46.990000      -45.059999
  47.070002      -45.059999
  47.140001      -45.059999
  47.200003      -45.100000
  47.240000      -45.139999
  47.270002      -45.189999
  47.330000      -45.219999
  47.379999      -45.260000
  47.430002      -45.299999
  47.430002      -45.340000
  47.440001      -45.369999
  47.490000      -45.389999
  47.540003      -45.389999
  47.530001      -45.449999
  47.520002      -45.500000
  47.520002      -45.549999
  47.520002      -45.609999
  47.520002      -45.660000
  47.480001      -45.699999
  47.450003      -45.719999
  47.410002      -45.730000
  47.330000      -45.740000
  47.260000      -45.770000
  47.200003      -45.820000
  47.160002      -45.879999
  47.120001      -45.939999
  47.059999      -45.959999
  47.000002      -45.969999
  46.920000      -45.969999
  46.860003      -45.980000
  46.790003      -45.990000
  46.770002      -46.010000
  46.770002      -46.039999
  46.790003      -46.100000
  46.790003      -46.160000
  46.710001      -46.199999
  46.629999      -46.209999
  46.540003      -46.219999
  46.460001      -46.230000
  46.350000      -46.240000
  46.240000      -46.270000
  46.140001      -46.279999
  46.050001      -46.289999
  45.920000      -46.299999
  45.840002      -46.299999
  45.750002      -46.330000
  45.680002      -46.369999
  45.590002      -46.410000
  45.520002      -46.439999
  45.430002      -46.469999
  45.330000      -46.459999
  45.270002      -46.449999
  45.190001      -46.410000
  45.110003      -46.379999
  45.030001      -46.379999
  44.940001      -46.369999
  44.870001      -46.369999
  44.800001      -46.350000
  44.750002      -46.309999
  44.719999      -46.260000
  44.690001      -46.199999
  44.640001      -46.139999
  44.570002      -46.090000
  44.500002      -46.039999
  44.420000      -45.980000
  44.350000      -45.879999
  44.270002      -45.809999
  44.170000      -45.760000
  44.080000      -45.740000
  43.980001      -45.740000
  43.930002      -45.740000
  43.879999      -45.760000
  43.820002      -45.779999
  43.780001      -45.789999
  43.740000      -45.809999
  43.710001      -45.820000
  43.670000      -45.840000
  43.629999      -45.859999
  43.570002      -45.869999
  43.520002      -45.879999
  43.480001      -45.900000
  43.420000      -45.900000
  43.370001      -45.900000
  43.330000      -45.910000
  43.210001      -45.910000
  43.160002      -45.930000
  43.100000      -45.930000
  43.050001      -45.949999
  42.990000      -45.980000
  42.980001      -46.010000
  42.990000      -46.039999
  43.020002      -46.070000
  43.059999      -46.090000
  43.100000      -46.109999
  43.150000      -46.129999
  43.180002      -46.160000
  43.180002      -46.199999
  43.160002      -46.240000
  43.129999      -46.270000
  43.120001      -46.309999
  43.110003      -46.350000
  43.080000      -46.379999
  43.040003      -46.420000
  43.000002      -46.459999
  42.960001      -46.490000
  42.930002      -46.529999
  42.890001      -46.590000
  42.870001      -46.639999
  42.850000      -46.680000
  42.800001      -46.730000
  42.770002      -46.750000
  42.710001      -46.779999
  42.660002      -46.789999
  42.600000      -46.789999
  42.570002      -46.770000
  42.550001      -46.750000
  42.550001      -46.699999
  42.559999      -46.660000
  42.580000      -46.629999
  42.590002      -46.580000
  42.580000      -46.529999
  42.520002      -46.469999
  42.450003      -46.430000
  42.390001      -46.400000
  42.330000      -46.369999
  42.270002      -46.369999
  42.200003      -46.389999
  42.090002      -46.420000
  42.020002      -46.439999
  41.930002      -46.439999
  41.840002      -46.430000
  41.770002      -46.410000
  41.719999      -46.379999
  41.690001      -46.330000
  41.660002      -46.279999
  41.660002      -46.250000
  41.670000      -46.209999
  41.700003      -46.180000
  41.730001      -46.150000
  41.760000      -46.129999
  41.780001      -46.100000
  41.760000      -46.059999
  41.719999      -46.029999
  41.670000      -46.020000
  41.590002      -46.020000
  41.510000      -46.029999
  41.450003      -46.029999
  41.390001      -46.029999
  41.320002      -46.039999
  41.250002      -46.049999
  41.180002      -46.039999
  41.120001      -46.029999
  41.059999      -46.010000
  40.980001      -46.010000
  40.920000      -46.029999
  40.840002      -46.039999
  40.760000      -46.029999
  40.690001      -46.000000
  40.610003      -45.990000
  40.530001      -45.969999
  40.480001      -45.910000
  40.390001      -45.869999
  40.250002      -45.820000
  40.160002      -45.789999
  40.070002      -45.770000
  40.020002      -45.730000
  40.010000      -45.689999
  39.980001      -45.650000
  39.930002      -45.639999
  39.860003      -45.660000
  39.750002      -45.650000
  39.660002      -45.629999
  39.580000      -45.600000
  39.469999      -45.559999
  39.420000      -45.529999
  39.400000      -45.490000
  39.410002      -45.420000
  39.450003      -45.369999
  39.480001      -45.330000
  39.490000      -45.309999
  39.390001      -45.299999
  39.280001      -45.299999
  39.180002      -45.330000
  39.080000      -45.359999
  39.020002      -45.410000
  38.950003      -45.439999
  38.879999      -45.459999
  38.820002      -45.459999
  38.860003      -45.410000
  38.940001      -45.379999
  39.000002      -45.330000
  39.070002      -45.270000
  39.110003      -45.209999
  39.160002      -45.170000
  39.219999      -45.109999
  39.300001      -45.070000
  39.410002      -45.049999
  39.520002      -45.039999
  39.660002      -45.039999
  39.770002      -45.049999
  39.900000      -45.049999
  40.030001      -45.059999
  40.110003      -45.059999
  40.140001      -45.090000
  40.120001      -45.129999
  40.070002      -45.160000
  40.030001      -45.189999
  40.050001      -45.209999
  40.129999      -45.199999
  40.240000      -45.199999
  40.340002      -45.219999
  40.460001      -45.250000
  40.559999      -45.260000
  40.640001      -45.279999
  40.719999      -45.299999
  40.800001      -45.320000
  40.850000      -45.330000
  40.910002      -45.330000
  40.969999      -45.320000
  41.059999      -45.299999
  41.129999      -45.270000
  41.219999      -45.250000
  41.290003      -45.209999
  41.340002      -45.170000
  41.390001      -45.119999
  41.440001      -45.070000
  41.469999      -45.000000
  41.490000      -44.930000
  41.530001      -44.859999
  41.580000      -44.760000
  41.610003      -44.670000
  41.660002      -44.590000
  41.680002      -44.510000
  41.700003      -44.439999
  41.719999      -44.359999
  41.730001      -44.279999
  41.760000      -44.209999
  41.780001      -44.160000
  41.809999      -44.150000
  41.820002      -44.209999
  41.820002      -44.279999
  41.800001      -44.330000
  41.790003      -44.389999
  41.780001      -44.439999
  41.770002      -44.490000
  41.760000      -44.549999
  41.770002      -44.580000
  41.780001      -44.600000
  41.809999      -44.600000
  41.860003      -44.570000
  41.910002      -44.510000
  41.960001      -44.469999
  42.010000      -44.439999
  42.050001      -44.389999
  42.080000      -44.340000
  42.120001      -44.289999
  42.160002      -44.240000
  42.200003      -44.199999
  42.219999      -44.240000
  42.219999      -44.299999
  42.200003      -44.359999
  42.190001      -44.410000
  42.180002      -44.459999
  42.219999      -44.480000
  42.280001      -44.500000
  42.300001      -44.529999
  42.280001      -44.570000
  42.260000      -44.600000
  42.260000      -44.619999
  42.309999      -44.609999
  42.360003      -44.580000
  42.400000      -44.570000
  42.430002      -44.559999
  42.480001      -44.529999
  42.580000      -44.539999
  42.680002      -44.570000
  42.800001      -44.570000
  42.930002      -44.600000
  43.040003      -44.639999
  43.120001      -44.650000
  43.210001      -44.660000
  43.309999      -44.660000
  43.440001      -44.650000
  43.530001      -44.639999
  43.620001      -44.629999
  43.719999      -44.609999
  43.800001      -44.590000
  43.870001      -44.559999
  43.940001      -44.529999
  44.000002      -44.469999
  44.030001      -44.430000
  44.050001      -44.379999
  44.070002      -44.330000
  44.059999      -44.270000
  44.090002      -44.209999
  44.140001      -44.160000
  44.190001      -44.150000
  44.250002      -44.129999
  44.280001      -44.080000
  44.309999      -44.039999
  44.379999      -44.029999
  44.490000      -44.049999
  44.580000      -44.049999
  44.680002      -44.049999
  44.809999      -44.029999
  44.900000      -44.029999
  44.990000      -44.039999
  45.080000      -44.049999
>