>anchorPlateId 0
>reconstructionTime 0
>
>
>LargeIgneousProvince <identity>GPlates-478c8886-a817-4624-84e5-39e38dd2c9ef</identity> <revision>GPlates-d3620437-baf7-486f-bf1d-9bfecae0ecac</revision>
> name Eauripik_Rise
> description Pacific
> shapefileAttributes KeyValueDictionary ( PLATEID1,  690) ( FROMAGE,  26) ( TOAGE,  -999) ( NAME,  Eauripik_Rise) ( DESCR,  Pacific) ( MatlabAr,  107077) ( AgeRef,  Winterer++_1971_DSDPInitRep) ( AgeMethod,  Stratigraphy: foraminifera) ( PBType,  Backarc MOR) ( Dist2PB,  0) ( GPGIM_TYPE,  gpml:LargeIgneousProvince) ( FEATURE_ID,  GPlates-80ff0754-2bcf-407d-9bf2-a573936b159e) ( TYPE,  VP) ( IMPORT_AGE,  0) ( PLATEID2,  0) ( RECON_METH,  ) ( L_PLATE,  0) ( R_PLATE,  0) ( SPREAD_ASY,  0)
> validTime TimePeriod <begin> TimeInstant <timePosition>26</timePosition></begin> <end> TimeInstant <timePosition>http://gplates.org/times/distantFuture</timePosition></end>
> reconstructionPlateId 690
> geometryImportTime TimeInstant <timePosition>0</timePosition>
> conjugatePlateId 0
> leftPlate 0
> rightPlate 0
> spreadingAsymmetry 0
  143.797789       6.585531
  143.955301       6.509600
  144.147001       6.508223
  144.338701       6.506842
  144.530401       6.505461
  144.722101       6.504084
  144.913801       6.502703
  145.025137       6.392069
  145.136469       6.281435
  145.247801       6.170801
  145.432337       6.103304
  145.616869       6.035803
  145.801401       5.968302
  145.666437       5.880304
  145.531469       5.792303
  145.396502       5.704302
  145.250868       5.787004
  145.105234       5.869703
  144.959600       5.952402
  144.825750       5.927351
  144.691900       5.902300
  144.627901       6.002501
  144.745703       6.099154
  144.863501       6.195803
  144.758303       6.254900
  144.560415       6.257463
  144.362528       6.260027
  144.164640       6.262590
  143.966753       6.265150
  143.768866       6.267714
  143.570974       6.270277
  143.373087       6.272840
  143.175200       6.275400
  143.251852       6.146902
  143.328501       6.018400
  143.258703       5.883001
  143.188902       5.747602
  143.317053       5.671354
  143.445200       5.595102
  143.413099       5.474401
  143.228952       5.419752
  143.044802       5.365103
  143.027651       5.193052
  143.010504       5.021002
  142.993353       4.848951
  142.976202       4.676901
  142.876921       4.505342
  142.777643       4.333780
  142.678362       4.162222
  142.579081       3.990664
  142.479799       3.819101
  142.334551       3.776854
  142.189302       3.734602
  142.234716       3.553831
  142.280130       3.373060
  142.325544       3.192289
  142.370958       3.011518
  142.416372       2.830748
  142.461786       2.649973
  142.507200       2.469202
  142.423334       2.296236
  142.339468       2.123270
  142.255602       1.950300
  142.394003       1.824526
  142.532404       1.698751
  142.670805       1.572977
  142.809202       1.447203
  142.843187       1.260946
  142.877176       1.074690
  142.911161       0.888430
  142.945147       0.702173
  142.979132       0.515917
  143.013117       0.329660
  143.047102       0.143400
  142.930426       0.261202
  142.813753       0.379000
  142.697077       0.496801
  142.580400       0.614599
  142.423700       0.637503
  142.267000       0.660402
  142.186480       0.811361
  142.105963       0.962324
  142.025442       1.113283
  141.944921       1.264242
  141.864401       1.415201
  141.736876       1.319704
  141.609350       1.224203
  141.481825       1.128702
  141.354300       1.033201
  141.317701       0.867376
  141.281099       0.701551
  141.244501       0.535727
  141.207899       0.369902
  141.185942       0.568441
  141.163980       0.766981
  141.142019       0.965521
  141.120062       1.164061
  141.098101       1.362600
  141.180437       1.521902
  141.262770       1.681204
  141.345102       1.840502
  141.333990       2.024973
  141.322874       2.209444
  141.311762       2.393915
  141.300646       2.578386
  141.289530       2.762857
  141.278418       2.947329
  141.267302       3.131800
  141.342802       3.226603
  141.418303       3.321402
  141.271902       3.394400
  141.292501       3.542852
  141.313101       3.691301
  141.148401       3.646753
  140.983702       3.602201
  140.958502       3.725500
  141.058203       3.880919
  141.157904       4.036333
  141.257605       4.191751
  141.357302       4.347170
  141.457003       4.502584
  141.556704       4.658003
  141.656404       4.813417
  141.756102       4.968836
  141.855803       5.124254
  141.955503       5.279669
  142.055204       5.435087
  142.154902       5.590502
  142.054270       5.743002
  141.953638       5.895502
  141.853003       6.048002
  141.934202       6.171953
  142.015402       6.295900
  141.853552       6.281103
  141.691702       6.266302
  141.529852       6.251501
  141.368002       6.236700
  141.255903       6.153700
  141.143801       6.070700
  141.059153       6.160551
  140.974501       6.250402
  141.163801       6.310076
  141.353102       6.369753
  141.542402       6.429426
  141.731703       6.489100
  141.881937       6.471666
  142.032171       6.454233
  142.182402       6.436800
  142.180101       6.580000
  141.990252       6.580000
  141.800402       6.580000
  141.989103       6.607302
  142.177801       6.634600
  142.228102       6.789000
  142.384253       6.852026
  142.540403       6.915052
  142.696554       6.978075
  142.852701       7.041101
  143.010218       6.965174
  143.167730       6.889246
  143.325247       6.813314
  143.482759       6.737387
  143.640272       6.661459
  143.797789       6.585531
>