>anchorPlateId 0
>reconstructionTime 0
>Ontong.gpml Hess.gpml broken_ridge.gpml centralKerguelen.gpml northKerguelen.gpml Manihiki.gpml Africa.gpml Shatsky.gpml elan.gpml madagascar.gpml southernKerguelen.gpml conrad.gpml Agrentine.gpml iceland.gpml Hikurangi2.gpml delCano.gpml Hikurangi.gpml antarctic.gpml MendelevRidge2.gpml MendelevRidge.gpml chagon.gpml
>
>LargeIgneousProvince <identity>GPlates-52332a15-79aa-4a92-af4a-9e83daef6cac</identity> <revision>GPlates-79ee2fbc-c7da-45aa-b4fa-cee558b3b773</revision>
> name ELAN BANK, KERGUELEN PLATEAU
> description 
> shapefileAttributes KeyValueDictionary ( PLATEID1,  802) ( TYPE,  VP) ( FROMAGE,  85) ( TOAGE,  0) ( NAME,  ELAN BANK, KERGUELEN PLATEAU) ( DESCR,  ) ( GPGIM_TYPE,  gpml:LargeIgneousProvince) ( FEATURE_ID,  GPlates-e9d141b9-9328-40a5-814d-e110ae3064fc) ( REF,  EarthByte Database) ( PLATEID2,  0) ( RECON_METH,  ) ( L_PLATE,  0) ( R_PLATE,  0) ( SPREAD_ASY,  0) ( IMPORT_AGE,  0)
> validTime TimePeriod <begin> TimeInstant <timePosition>85</timePosition></begin> <end> TimeInstant <timePosition>0</timePosition></end>
> reconstructionPlateId 802
> geometryImportTime TimeInstant <timePosition>0</timePosition>
> conjugatePlateId 0
> leftPlate 0
> rightPlate 0
> spreadingAsymmetry 0
  65.410803      -54.947199
  65.491102      -54.968300
  65.593203      -54.978800
  65.697599      -54.983500
  65.818102      -54.990099
  65.846800      -54.986099
  65.934000      -54.989399
  66.133699      -55.028299
  66.189901      -55.048100
  66.233500      -55.067200
  66.282801      -55.090200
  66.325300      -55.110600
  66.386103      -55.105999
  66.438902      -55.093500
  66.520399      -55.086300
  66.565100      -55.083000
  66.622499      -55.089600
  66.687902      -55.107300
  66.687902      -55.108000
  66.731501      -55.152100
  66.784300      -55.176300
  66.897902      -55.190800
  66.978201      -55.202000
  67.059702      -55.216400
  67.137701      -55.240000
  67.205400      -55.289099
  67.212301      -55.293100
  67.250101      -55.322500
  67.294901      -55.340200
  67.352301      -55.368999
  67.402800      -55.400299
  67.477301      -55.455799
  67.524401      -55.488400
  67.573702      -55.532000
  67.619600      -55.570999
  67.675802      -55.622999
  67.677000      -55.636000
  67.703402      -55.662600
  67.747000      -55.693100
  67.812403      -55.734499
  67.860601      -55.785599
  67.895002      -55.842499
  67.924803      -55.866999
  67.947802      -55.900600
  67.968401      -55.928900
  67.985701      -55.955299
  67.991400      -55.963100
  68.025801      -56.004200
  68.075201      -56.033800
  68.108400      -56.062000
  68.185301      -56.086399
  68.261000      -56.112700
  68.350500      -56.129999
  68.413702      -56.138399
  68.474501      -56.147299
  68.572001      -56.151800
  68.704000      -56.169100
  68.759001      -56.166500
  68.804899      -56.164600
  68.888700      -56.160799
  68.951799      -56.148600
  69.042501      -56.133200
  69.104403      -56.132599
  69.138800      -56.135199
  69.188200      -56.122999
  69.269701      -56.122999
  69.322401      -56.126799
  69.393602      -56.135199
  69.477301      -56.165300
  69.527800      -56.185099
  69.592100      -56.202400
  69.718302      -56.227999
  69.765402      -56.235600
  69.889299      -56.254200
  69.973001      -56.243299
  70.040701      -56.254799
  70.126802      -56.262499
  70.192202      -56.261200
  70.263300      -56.264999
  70.328699      -56.261200
  70.490499      -56.238800
  70.614500      -56.222200
  70.686701      -56.210699
  70.771700      -56.195999
  70.813002      -56.181299
  70.858900      -56.156300
  70.941500      -56.141600
  70.993101      -56.128099
  71.020700      -56.117800
  71.065401      -56.099899
  71.135401      -56.074200
  71.168699      -56.059500
  71.222601      -56.038300
  71.265100      -56.017700
  71.267401      -56.015800
  71.305201      -55.993299
  71.361403      -55.962400
  71.410803      -55.927599
  71.454401      -55.907000
  71.529001      -55.873499
  71.559999      -55.847700
  71.593203      -55.828300
  71.659800      -55.784399
  71.696501      -55.764299
  71.712603      -55.753300
  71.711401      -55.753300
  71.741201      -55.735800
  71.761900      -55.713200
  71.792902      -55.680099
  71.797503      -55.676899
  71.797503      -55.677500
  71.852602      -55.682699
  71.912203      -55.685299
  71.963900      -55.684000
  72.029303      -55.692400
  72.127901      -55.697599
  72.233500      -55.705400
  72.325300      -55.711199
  72.418200      -55.701500
  72.456102      -55.689199
  72.533003      -55.695700
  72.624800      -55.702099
  72.697100      -55.708000
  72.788900      -55.715099
  72.838202      -55.713200
  72.925402      -55.710600
  73.003401      -55.715700
  73.089502      -55.711199
  73.202002      -55.704100
  73.266199      -55.703400
  73.359102      -55.692400
  73.484201      -55.674900
  73.557699      -55.666500
  73.581800      -55.660000
  73.670099      -55.655500
  73.759600      -55.658100
  73.856001      -55.660599
  73.883501      -55.664499
  74.059099      -55.661900
  74.169302      -55.652899
  74.266802      -55.650299
  74.320700      -55.650900
  74.441202      -55.669100
  74.547899      -55.673599
  74.674101      -55.685299
  74.768202      -55.694399
  74.922003      -55.750099
  75.057402      -55.775299
  75.156099      -55.793400
  75.196199      -55.805700
  75.267401      -55.831499
  75.315500      -55.860600
  75.344202      -55.886999
  75.370600      -55.930899
  75.381002      -55.958500
  75.383200      -56.008699
  75.382101      -56.057600
  75.370600      -56.106300
  75.327002      -56.170399
  75.281099      -56.229900
  75.250101      -56.277800
  75.203100      -56.323700
  75.157202      -56.367100
  75.097502      -56.410999
  75.048201      -56.452900
  74.956400      -56.508200
  74.947203      -56.513300
  74.904802      -56.538599
  74.841700      -56.579199
  74.734900      -56.636099
  74.681002      -56.670300
  74.623602      -56.703100
  74.527300      -56.737200
  74.450399      -56.783800
  74.391901      -56.834799
  74.348303      -56.895100
  74.325300      -56.945999
  74.304602      -57.012400
  74.284002      -57.059299
  74.282801      -57.059299
  74.259901      -57.126699
  74.210600      -57.209700
  74.176100      -57.303600
  74.141703      -57.359999
  74.087801      -57.423199
  74.044203      -57.467199
  74.006300      -57.504200
  73.891600      -57.568399
  73.837603      -57.613400
  73.771101      -57.650299
  73.709101      -57.680500
  73.641401      -57.717300
  73.581800      -57.735100
  73.589800      -57.730799
  73.555403      -57.711199
  73.511801      -57.701399
  73.469301      -57.700100
  73.405001      -57.708700
  73.313200      -57.728399
  73.243299      -57.743700
  73.197401      -57.754200
  73.165201      -57.768900
  73.120501      -57.782400
  73.110201      -57.787899
  73.086100      -57.792200
  73.056200      -57.806900
  72.992002      -57.825199
  72.961000      -57.831400
  72.897902      -57.844799
  72.855402      -57.858299
  72.784300      -57.874800
  72.755602      -57.879700
  72.713102      -57.885799
  72.667200      -57.890099
  72.594900      -57.899900
  72.538702      -57.906599
  72.507700      -57.908400
  72.471003      -57.908400
  72.414801      -57.913900
  72.371202      -57.914499
  72.344801      -57.916300
  72.297800      -57.915100
  72.242701      -57.911499
  72.155500      -57.905300
  72.108400      -57.904699
  72.087801      -57.907200
  72.038401      -57.902899
  72.013201      -57.909000
  71.965002      -57.904100
  71.930601      -57.901699
  71.881201      -57.902899
  71.823900      -57.904100
  71.805502      -57.904100
  71.734400      -57.902300
  71.652903      -57.897999
  71.566801      -57.891899
  71.478502      -57.882700
  71.399302      -57.871700
  71.362600      -57.864399
  71.301802      -57.871700
  71.214602      -57.861300
  71.151503      -57.855200
  71.096399      -57.849699
  71.029802      -57.850300
  70.971300      -57.852200
  70.900202      -57.857100
  70.851999      -57.853399
  70.823301      -57.838100
  70.754400      -57.846699
  70.637400      -57.854000
  70.599501      -57.853399
  70.569700      -57.853399
  70.485903      -57.854599
  70.426302      -57.856400
  70.379202      -57.855200
  70.340200      -57.858299
  70.287401      -57.866199
  70.217402      -57.867500
  70.207102      -57.870499
  70.115301      -57.888199
  70.057901      -57.891899
  69.996000      -57.897999
  69.904200      -57.902300
  69.861700      -57.910200
  69.807802      -57.925499
  69.761900      -57.941999
  69.709101      -57.966400
  69.658602      -57.979799
  69.611601      -58.001699
  69.558802      -58.017000
  69.529001      -58.022400
  69.479601      -58.021799
  69.426802      -58.013899
  69.359102      -57.993799
  69.347700      -57.983400
  69.321302      -57.949900
  69.312101      -57.916300
  69.305201      -57.885799
  69.305201      -57.849699
  69.275400      -57.816700
  69.247801      -57.789700
  69.236403      -57.782400
  69.171000      -57.755999
  69.095201      -57.726500
  69.012602      -57.700100
  68.920801      -57.668800
  68.864599      -57.648500
  68.796900      -57.624500
  68.775103      -57.615900
  68.757902      -57.607899
  68.721201      -57.591900
  68.675303      -57.570900
  68.629400      -57.547499
  68.577700      -57.518499
  68.531801      -57.496199
  68.482500      -57.476400
  68.426302      -57.452900
  68.376902      -57.437500
  68.311502      -57.416399
  68.282801      -57.397200
  68.234602      -57.374300
  68.188803      -57.362499
  68.139402      -57.348299
  68.098101      -57.337099
  68.011999      -57.322800
  67.929399      -57.307299
  67.783701      -57.294199
  67.698801      -57.288700
  67.618502      -57.294899
  67.522100      -57.302900
  67.433702      -57.310999
  67.328199      -57.316000
  67.199701      -57.322800
  67.096399      -57.328400
  67.036699      -57.330299
  66.982801      -57.332699
  66.902502      -57.340799
  66.889799      -57.342100
  66.849703      -57.350100
  66.776201      -57.357599
  66.756701      -57.358799
  66.681002      -57.366899
  66.619001      -57.366199
  66.527300      -57.371799
  66.442301      -57.378000
  66.437799      -57.379299
  66.357401      -57.389200
  66.290899      -57.391699
  66.147402      -57.394100
  65.930601      -57.415199
  65.810102      -57.426300
  65.748102      -57.433100
  65.682699      -57.434999
  65.624201      -57.436899
  65.463602      -57.444899
  65.410803      -57.444899
  65.298300      -57.444300
  65.251303      -57.441799
  65.185900      -57.441200
  65.122801      -57.441799
  65.018400      -57.444300
  64.948400      -57.438099
  64.908201      -57.435600
  64.816401      -57.430700
  64.786600      -57.430700
  64.769400      -57.429399
  64.715403      -57.422600
  64.604101      -57.408400
  64.546801      -57.396599
  64.477900      -57.373100
  64.387300      -57.357599
  64.346003      -57.347599
  64.309202      -57.330900
  64.234602      -57.292400
  64.205999      -57.275600
  64.169302      -57.248899
  64.133699      -57.229000
  64.124502      -57.221500
  64.079702      -57.187199
  64.056803      -57.166100
  64.041903      -57.157299
  63.998301      -57.115499
  63.963900      -57.063700
  63.939802      -57.013599
  63.914499      -56.969200
  63.889299      -56.908899
  63.885801      -56.881899
  63.877802      -56.826599
  63.890402      -56.769300
  63.916800      -56.713800
  63.924803      -56.704399
  63.952402      -56.637999
  63.982203      -56.587400
  63.984503      -56.584900
  64.037302      -56.494200
  64.082003      -56.435099
  64.133699      -56.396299
  64.163500      -56.354900
  64.171499      -56.346699
  64.188803      -56.340900
  64.204802      -56.309000
  64.216299      -56.280300
  64.224302      -56.219000
  64.248400      -56.195400
  64.284002      -56.147299
  64.320700      -56.091600
  64.333300      -56.066500
  64.337900      -56.051800
  64.351702      -56.022900
  64.402201      -55.979099
  64.407900      -55.965000
  64.428602      -55.946299
  64.446901      -55.896700
  64.481401      -55.833500
  64.496302      -55.796000
  64.513502      -55.763699
  64.537600      -55.731300
  64.569700      -55.673000
  64.570902      -55.671700
  64.592699      -55.643099
  64.617903      -55.576199
  64.638502      -55.522900
  64.647699      -55.488400
  64.640802      -55.441399
  64.660402      -55.392500
  64.670702      -55.342199
  64.654600      -55.300900
  64.648901      -55.283899
  64.650000      -55.240000
  64.654600      -55.203899
  64.671801      -55.164499
  64.697100      -55.111300
  64.718901      -55.067799
  64.753302      -55.019100
  64.783102      -55.001900
  64.861200      -54.968300
  65.035601      -54.957100
  65.106703      -54.960400
  65.181299      -54.959700
  65.198500      -54.960400
  65.308702      -54.940599
  65.410803      -54.947199
>