9888   61 4000 METERS HESS RISE, N PACIFIC                                      
 901  110.0 -999.0 BA4000 901   2   600
  34.9032  179.9799 3
  34.8599  179.9410 2
  34.7619  179.9250 2
  34.6297  179.8770 2
  34.5578  179.8176 2
  34.5181  179.7856 2
  34.5446  179.6553 2
  34.5900  179.5478 2
  34.6524  179.4495 2
  34.7298  179.3535 2
  34.7883  179.2666 2
  34.8316  179.2186 2
  34.8844  179.1866 2
  34.9352  179.1798 2
  35.0105  179.2049 2
  35.0970  179.2346 2
  35.1552  179.2232 2
  35.1852  179.2003 2
  35.1965  179.1455 2
  35.1984  179.0655 2
  35.1815  178.9695 2
  35.1439  178.8712 2
  35.1327  178.7569 2
  35.1327  178.6357 2
  35.1477  178.5397 2
  35.1515  178.4140 2
  35.1383  178.3431 2
  35.0857  178.2699 2
  35.0331  178.2128 2
  34.9973  178.1808 2
  34.9860  178.0962 2
  35.0481  178.0368 2
  35.1308  178.0413 2
  35.1852  177.9979 2
  35.2696  177.9590 2
  35.3540  177.9385 2
  35.4027  177.9293 2
  35.4625  177.9362 2
  35.5672  177.9590 2
  35.6699  177.9819 2
  35.7817  177.9659 2
  35.8860  177.9042 2
  35.9882  177.8402 2
  36.0829  177.7396 2
  36.1386  177.6641 2
  36.1756  177.6573 2
  36.2423  177.6687 2
  36.3330  177.7007 2
  36.3940  177.6801 2
  36.4402  177.6161 2
  36.4476  177.5453 2
  36.4347  177.4561 2
  36.4513  177.3784 2
  36.4975  177.3075 2
  36.5417  177.2915 2
  36.5952  177.3144 2
  36.7076  177.3281 2
  36.8345  177.3189 2
  36.9190  177.2824 2
  37.0345  177.2321 2
  37.0730  177.1749 2
  37.1188  177.1086 2
  37.1737  177.0446 2
  37.2139  176.9829 2
  37.2706  176.9349 2
  37.3235  176.9075 2
  37.3783  176.9006 2
  37.4184  176.9166 2
  37.4494  176.9600 2
  37.4767  177.0080 2
  37.5059  177.0149 2
  37.5441  176.9463 2
  37.5841  176.8686 2
  37.6060  176.7909 2
  37.6242  176.7246 2
  37.6460  176.6766 2
  37.6860  176.6560 2
  37.7150  176.6674 2
  37.7314  176.7246 2
  37.7404  176.7909 2
  37.7622  176.8640 2
  37.7840  176.9029 2
  37.8185  176.8709 2
  37.8348  176.8160 2
  37.8366  176.7406 2
  37.8475  176.6674 2
  37.8638  176.5966 2
  37.8511  176.5120 2
  37.8148  176.4503 2
  37.7767  176.4091 2
  37.7241  176.3565 2
  37.7550  176.2834 2
  37.8112  176.2514 2
  37.8475  176.2148 2
  37.8747  176.2079 2
  37.8801  176.2468 2
  37.9127  176.2834 2
  37.9308  176.3177 2
  37.9290  176.3634 2
  37.9417  176.3862 2
  37.9996  176.3748 2
  38.0285  176.3474 2
  38.0719  176.3245 2
  38.1351  176.3222 2
  38.2019  176.3314 2
  38.2722  176.3337 2
  38.3065  176.3199 2
  38.3191  176.2628 2
  38.4900  175.8170 2
  38.4936  175.7805 2
  38.4846  175.7576 2
  38.4486  175.7576 2
  38.3947  175.7805 2
  38.3263  175.8056 2
  38.2398  175.8239 2
  38.1640  175.8216 2
  38.1189  175.8216 2
  38.0701  175.8307 2
  38.0321  175.8445 2
  37.9670  175.8650 2
  37.9308  175.8650 2
  37.9163  175.8422 2
  37.9489  175.7942 2
  37.9851  175.7576 2
  37.9905  175.7347 2
  37.9381  175.7347 2
  37.8946  175.7439 2
  37.8529  175.7553 2
  37.8330  175.8010 2
  37.8203  175.8513 2
  37.7894  175.8947 2
  37.7568  175.9085 2
  37.7150  175.9085 2
  37.6932  175.8742 2
  37.7059  175.8307 2
  37.7132  175.7782 2
  37.6696  175.7553 2
  37.5696  175.7827 2
  37.4494  175.8147 2
  37.3728  175.8445 2
  37.3327  175.8788 2
  37.2962  175.9473 2
  37.2578  176.0159 2
  37.2121  176.0776 2
  37.1645  176.1028 2
  37.1115  176.0868 2
  37.0418  176.0776 2
  36.9832  176.0753 2
  36.9245  176.0891 2
  36.8400  176.1302 2
  36.8106  176.1531 2
  36.7628  176.2216 2
  36.7039  176.3085 2
  36.6560  176.3748 2
  36.6063  176.4160 2
  36.5473  176.4571 2
  36.4975  176.4823 2
  36.4291  176.5394 2
  36.3681  176.5874 2
  36.3053  176.6606 2
  36.2942  176.7269 2
  36.2719  176.8137 2
  36.2442  176.9029 2
  36.2238  176.9577 2
  36.1942  177.0080 2
  36.1348  177.0469 2
  36.0736  177.0080 2
  36.0291  176.9646 2
  35.9845  176.9600 2
  35.9250  176.9920 2
  35.8487  177.0721 2
  35.8041  177.1338 2
  35.7426  177.2047 2
  35.6792  177.2595 2
  35.6120  177.3075 2
  35.5635  177.3281 2
  35.4607  177.3647 2
  35.3989  177.3692 2
  35.3071  177.3327 2
  35.2340  177.2915 2
  35.1927  177.2366 2
  35.1627  177.1703 2
  35.1158  177.0881 2
  35.0688  176.9806 2
  35.0575  176.9075 2
  35.0331  176.8229 2
  35.0086  176.7589 2
  34.9672  176.7451 2
  34.8787  176.7612 2
  34.7920  176.7451 2
  34.7524  176.7223 2
  34.6958  176.7086 2
  34.6391  176.7132 2
  34.5862  176.7383 2
  34.5484  176.7840 2
  34.4784  176.8046 2
  34.3855  176.8069 2
  34.3192  176.8069 2
  34.2585  176.7909 2
  34.2661  176.7612 2
  34.1730  176.6560 2
  34.1293  176.5897 2
  34.1046  176.4891 2
  34.0932  176.4320 2
  34.0818  176.3588 2
  34.0818  176.2651 2
  34.0970  176.2171 2
  34.1274  176.1416 2
  34.1369  176.0845 2
  34.1350  176.0433 2
  34.0475  176.0319 2
  33.9885  176.0342 2
  33.9085  176.0365 2
  33.8456  176.0273 2
  33.7902  175.9930 2
  33.7998  175.9702 2
  33.8646  175.8902 2
  33.9371  175.8010 2
  33.9999  175.6982 2
  34.0570  175.5907 2
  34.1141  175.5061 2
  34.1559  175.4147 2
  34.1977  175.3301 2
  34.2338  175.2592 2
  34.3230  175.1952 2
  34.3931  175.1564 2
  34.4557  175.1404 2
  34.4935  175.1404 2
  34.5484  175.1518 2
  34.6108  175.1678 2
  34.6542  175.1792 2
  34.6958  175.1701 2
  34.7260  175.1175 2
  34.7090  175.0489 2
  34.6372  175.0329 2
  34.5446  175.0055 2
  34.4670  174.9621 2
  34.3002  174.8912 2
  34.2471  174.8523 2
  34.2129  174.7860 2
  34.2053  174.7174 2
  34.2262  174.6580 2
  34.2907  174.5643 2
  34.3097  174.4614 2
  34.3135  174.3791 2
  34.3495  174.3448 2
  34.3799  174.3563 2
  34.4291  174.4043 2
  34.4803  174.4591 2
  34.5351  174.4591 2
  34.5824  174.3928 2
  34.6183  174.3014 2
  34.6202  174.2260 2
  34.6146  174.1368 2
  34.6259  174.0408 2
  34.6448  174.0042 2
  34.6675  173.9973 2
  34.7222  174.0042 2
  34.7826  174.0271 2
  34.8392  174.0476 2
  34.8863  174.0453 2
  34.9258  174.0248 2
  34.9691  173.9128 2
  34.9729  173.7459 2
  34.9842  173.6339 2
  34.9766  173.5767 2
  34.9879  173.4853 2
  35.0011  173.4601 2
  35.0519  173.4693 2
  35.0951  173.4830 2
  35.1439  173.4784 2
  35.1927  173.4487 2
  35.2246  173.3801 2
  35.2490  173.3321 2
  35.2603  173.2727 2
  35.2434  173.2567 2
  35.2040  173.2773 2
  35.1383  173.3230 2
  35.0613  173.3435 2
  35.0030  173.3367 2
  34.9541  173.3115 2
  34.9126  173.2841 2
  34.8392  173.2361 2
  34.7769  173.2292 2
  34.7090  173.2452 2
  34.6240  173.2773 2
  34.5900  173.3047 2
  34.5692  173.3618 2
  34.5692  173.4487 2
  34.5919  173.5013 2
  34.6127  173.5424 2
  34.6410  173.5813 2
  34.6656  173.6064 2
  34.6731  173.6362 2
  34.6486  173.6819 2
  34.6165  173.7093 2
  34.5730  173.6864 2
  34.5446  173.6773 2
  34.5105  173.6956 2
  34.4765  173.7390 2
  34.4121  173.7664 2
  34.3495  173.7756 2
  34.2964  173.7710 2
  34.1806  173.7527 2
  34.1122  173.7733 2
  34.0418  173.8145 2
  33.9447  173.8488 2
  33.8723  173.9105 2
  33.7807  173.9951 2
  33.7406  174.0888 2
  33.7119  174.2145 2
  33.6871  174.2808 2
  33.6584  174.3242 2
  33.6106  174.3677 2
  33.5609  174.4043 2
  33.5341  174.4523 2
  33.4651  174.4568 2
  33.3769  174.4340 2
  33.3136  174.4637 2
  33.2445  174.5026 2
  33.1849  174.5506 2
  33.1234  174.5780 2
  33.0965  174.6191 2
  33.0868  174.6786 2
  33.0830  174.7403 2
  33.0791  174.7975 2
  33.0676  174.8592 2
  33.0329  174.9163 2
  33.0888  174.9803 2
  33.1368  174.9963 2
  33.2426  174.9986 2
  33.3021  175.0101 2
  33.3194  175.0284 2
  33.3539  175.1312 2
  33.3501  175.1907 2
  33.3635  175.2227 2
  33.4191  175.2227 2
  33.4383  175.2135 2
  33.4460  175.2158 2
  33.4460  175.3095 2
  33.4057  175.3987 2
  33.4460  175.4261 2
  33.4440  175.5107 2
  33.4095  175.5198 2
  33.3865  175.4764 2
  33.3443  175.4558 2
  33.2791  175.4833 2
  33.2445  175.5267 2
  33.2214  175.5633 2
  33.1811  175.6067 2
  33.1253  175.6524 2
  33.0772  175.6890 2
  33.0387  175.7279 2
  33.0175  175.7782 2
  32.9983  175.8353 2
  32.9925  175.8719 2
  32.9944  175.9062 2
  33.0310  175.9199 2
  33.0791  175.9108 2
  33.1426  175.9153 2
  33.1676  175.9359 2
  33.1772  175.9610 2
  33.1926  176.0136 2
  33.1984  176.0845 2
  33.2003  176.1554 2
  33.1945  176.2262 2
  33.1811  176.2994 2
  33.1445  176.4000 2
  33.1118  176.4640 2
  33.0888  176.5234 2
  33.0888  176.6011 2
  33.1215  176.7154 2
  33.1657  176.8229 2
  33.2349  176.9166 2
  33.2695  176.9760 2
  33.2906  177.0812 2
  33.3098  177.2641 2
  33.3002  177.3532 2
  33.3002  177.4721 2
  33.2944  177.5384 2
  33.2829  177.5864 2
  33.2925  177.6641 2
  33.2983  177.7236 2
  33.2426  177.7876 2
  33.2041  177.8333 2
  33.1638  177.8859 2
  33.1638  177.9568 2
  33.1465  178.0253 2
  33.1465  178.0985 2
  33.1138  178.1648 2
  33.0753  178.2128 2
  33.0426  178.2836 2
  33.0426  178.3660 2
  33.1484  178.4460 2
  33.1888  178.5305 2
  33.2022  178.5945 2
  33.1888  178.6997 2
  33.1907  178.7523 2
  33.1926  178.8254 2
  33.1849  178.9009 2
  33.1734  178.9489 2
  33.1542  179.0266 2
  33.1330  179.0906 2
  33.1003  179.1386 2
  33.0426  179.1295 2
  33.0079  179.1295 2
  32.9848  179.1615 2
  32.9790  179.2209 2
  32.9713  179.2781 2
  32.9636  179.3489 2
  32.9616  179.3947 2
  32.9771  179.4404 2
  33.0194  179.4930 2
  33.0599  179.5364 2
  33.1253  179.6004 2
  33.1542  179.6461 2
  33.1868  179.7010 2
  33.2233  179.7536 2
  33.2714  179.7810 2
  33.3386  179.7856 2
  33.3846  179.7787 2
  33.4345  179.7879 2
  33.4536  179.7947 2
  33.4958  179.8427 2
  33.5417  179.8793 2
  33.5991  179.8930 2
  33.6431  179.8953 2
  33.6890  179.8793 2
  33.7119  179.8519 2
  33.7444  179.8039 2
  33.7692  179.7787 2
  33.8398  179.7238 2
  33.8627  179.6987 2
  33.9142  179.6804 2
  33.9599  179.6827 2
  33.9923  179.7101 2
  34.0094  179.7650 2
  34.0094  179.8724 2
  34.0114  179.9319 2
  34.0209  179.9593 2
  34.0171  179.9799 2
  34.9032  179.9799 3
  34.9488  179.9963 2
  34.9752 -179.9328 2
  35.0260 -179.8756 2
  35.0767 -179.8162 2
  35.0842 -179.7156 2
  35.0730 -179.5922 2
  35.0579 -179.5259 2
  35.0824 -179.4321 2
  35.0880 -179.3476 2
  35.0523 -179.2538 2
  35.0090 -179.0984 2
  34.9846 -179.0321 2
  34.9507 -178.9704 2
  34.8942 -178.9109 2
  34.8547 -178.8584 2
  34.8490 -178.7532 2
  34.8716 -178.6709 2
  34.8999 -178.6000 2
  34.9488 -178.4972 2
  34.9789 -178.3029 2
  35.0034 -178.2068 2
  35.0410 -178.1314 2
  35.0918 -178.0697 2
  35.1857 -177.9782 2
  35.3244 -177.8502 2
  35.3937 -177.7565 2
  35.4255 -177.6811 2
  35.4124 -177.5576 2
  35.3225 -177.3542 2
  35.2757 -177.0821 2
  35.2719 -176.9678 2
  35.2701 -176.8169 2
  35.2813 -176.6546 2
  35.3075 -176.5289 2
  35.3413 -176.4260 2
  35.4049 -176.3094 2
  35.4517 -176.1974 2
  35.5078 -176.1814 2
  35.5676 -176.1380 2
  35.6218 -176.0283 2
  35.6497 -175.9208 2
  35.6777 -175.8294 2
  35.6255 -175.8019 2
  35.5732 -175.7951 2
  35.6124 -175.6739 2
  35.6609 -175.4888 2
  35.6983 -175.3470 2
  35.7374 -175.2510 2
  35.7728 -175.1618 2
  35.7840 -175.0773 2
  35.7803 -175.0155 2
  35.7169 -175.0110 2
  35.6218 -175.1116 2
  35.4648 -175.2373 2
  35.3731 -175.3333 2
  35.2776 -175.4545 2
  35.1857 -175.5710 2
  35.0654 -175.6739 2
  34.9488 -175.7562 2
  34.8377 -175.8454 2
  34.7226 -175.9345 2
  34.6320 -176.0283 2
  34.5639 -176.0854 2
  34.4939 -176.1517 2
  34.4011 -176.2134 2
  34.3329 -176.2226 2
  34.2950 -176.1974 2
  34.2646 -176.1060 2
  34.2152 -176.0054 2
  34.1430 -175.9642 2
  34.0594 -175.9734 2
  33.9775 -175.9940 2
  33.8555 -175.9803 2
  33.6913 -175.9528 2
  33.5938 -175.8979 2
  33.4751 -175.8316 2
  33.3869 -175.7859 2
  33.2833 -175.7173 2
  33.1450 -175.6419 2
  33.0488 -175.5939 2
  32.9158 -175.5733 2
  32.8097 -175.5893 2
  32.7382 -175.6328 2
  32.7460 -175.7151 2
  32.8695 -175.8316 2
  33.0160 -175.9071 2
  33.1796 -175.9940 2
  33.2161 -176.0488 2
  33.2603 -176.1563 2
  33.2910 -176.2660 2
  33.3256 -176.3483 2
  33.3774 -176.3986 2
  33.4502 -176.4695 2
  33.5192 -176.5380 2
  33.5728 -176.6409 2
  33.6684 -176.7575 2
  33.7372 -176.7895 2
  33.8250 -176.8009 2
  33.9432 -176.7529 2
  34.0289 -176.7278 2
  34.1506 -176.7575 2
  34.2551 -176.8261 2
  34.3291 -176.8947 2
  34.3518 -177.0318 2
  34.3613 -177.1164 2
  34.3443 -177.2376 2
  34.3291 -177.3473 2
  34.3063 -177.3862 2
  34.2722 -177.4776 2
  34.2285 -177.5279 2
  34.1981 -177.5508 2
  34.1639 -177.5622 2
  34.1164 -177.5576 2
  34.0232 -177.5759 2
  33.9527 -177.6376 2
  33.8403 -177.7222 2
  33.7601 -177.8205 2
  33.7257 -177.8731 2
  33.6627 -177.9348 2
  33.6072 -177.9965 2
  33.5957 -178.0537 2
  33.6072 -178.1017 2
  33.6952 -178.1588 2
  33.7563 -178.1886 2
  33.8174 -178.1863 2
  33.9451 -178.1817 2
  34.0175 -178.1428 2
  34.0651 -178.1337 2
  34.1012 -178.1886 2
  34.1411 -178.2388 2
  34.1468 -178.3120 2
  34.2057 -178.3714 2
  34.2722 -178.3897 2
  34.3556 -178.3851 2
  34.4182 -178.3623 2
  34.5393 -178.2731 2
  34.5904 -178.1771 2
  34.6433 -178.0834 2
  34.7000 -178.0034 2
  34.7585 -177.9577 2
  34.7943 -178.0125 2
  34.7453 -178.1771 2
  34.7264 -178.2846 2
  34.6773 -178.4537 2
  34.6509 -178.6640 2
  34.6150 -178.8286 2
  34.5696 -178.9864 2
  34.4958 -179.0892 2
  34.4220 -179.2744 2
  34.3632 -179.4230 2
  34.3196 -179.5807 2
  34.2760 -179.6585 2
  34.2114 -179.7430 2
  34.1259 -179.8756 2
  34.0765 -179.9511 2
  34.0613 -179.9968 2
  34.0517  179.9803 2
  34.0171  179.9799 2
  99.0000   99.0000 3
