>anchorPlateId 0
>reconstructionTime 0
>Ontong.gpml Hess.gpml broken_ridge.gpml centralKerguelen.gpml northKerguelen.gpml Manihiki.gpml Africa.gpml Shatsky.gpml elan.gpml madagascar.gpml southernKerguelen.gpml conrad.gpml Agrentine.gpml iceland.gpml Hikurangi2.gpml delCano.gpml Hikurangi.gpml antarctic.gpml MendelevRidge2.gpml MendelevRidge.gpml chagon.gpml
>
>LargeIgneousProvince <identity>GPlates-b4be92ae-05ed-462c-a2d6-7086a34632bb</identity> <revision>GPlates-f8fd9b51-6c3e-4663-91f2-0bc0b1033d47</revision>
> name 4000 METERS HESS RISE, N PACIFIC
> description age from Verzhbitskii et al. (2006), average age.
> shapefileAttributes KeyValueDictionary ( PLATEID1,  901) ( TYPE,  VP) ( FROMAGE,  100) ( TOAGE,  0) ( NAME,  4000 METERS HESS RISE, N PACIFIC) ( DESCR,  age from Verzhbitskii et al. (2006), average age.) ( GPGIM_TYPE,  gpml:LargeIgneousProvince) ( FEATURE_ID,  GPlates-4d220875-ab49-4b4e-be66-4a1627b776c2) ( REF,  EarthByte Database) ( PLATEID2,  0) ( RECON_METH,  ) ( L_PLATE,  0) ( R_PLATE,  0) ( SPREAD_ASY,  0) ( IMPORT_AGE,  0)
> validTime TimePeriod <begin> TimeInstant <timePosition>100</timePosition></begin> <end> TimeInstant <timePosition>0</timePosition></end>
> reconstructionPlateId 901
> geometryImportTime TimeInstant <timePosition>0</timePosition>
> conjugatePlateId 0
> leftPlate 0
> rightPlate 0
> spreadingAsymmetry 0
  176.251402      37.811201
  176.283400      37.754999
  176.356501      37.724100
  176.409101      37.776701
  176.450300      37.814802
  176.511999      37.851103
  176.596601      37.863802
  176.667402      37.847502
  176.740602      37.836599
  176.816000      37.834803
  176.870901      37.818502
  176.902903      37.784002
  176.864000      37.762201
  176.790899      37.740400
  176.724600      37.731401
  176.667402      37.715002
  176.656000      37.686003
  176.676600      37.646002
  176.724600      37.624201
  176.790899      37.606001
  176.868601      37.584101
  176.946302      37.544100
  177.014902      37.505899
  177.008001      37.476702
  176.960001      37.449400
  176.916601      37.418402
  176.900602      37.378302
  176.907499      37.323500
  176.934900      37.270601
  176.982901      37.213900
  177.044600      37.173700
  177.108603      37.118799
  177.174902      37.073000
  177.232100      37.034502
  177.282400      36.919001
  177.318899      36.834501
  177.328100      36.707602
  177.314402      36.595201
  177.291502      36.541700
  177.307501      36.497499
  177.378401      36.451300
  177.456102      36.434702
  177.545301      36.447599
  177.616102      36.440203
  177.680101      36.393999
  177.700701      36.333002
  177.668699      36.242300
  177.657301      36.175600
  177.664103      36.138601
  177.739599      36.082899
  177.840200      35.988199
  177.904200      35.886000
  177.965902      35.781702
  177.981901      35.669901
  177.959002      35.567202
  177.936201      35.462500
  177.929300      35.402700
  177.938501      35.354002
  177.959002      35.269602
  177.997900      35.185202
  178.041300      35.130800
  178.036802      35.048101
  178.096201      34.986002
  178.180799      34.997301
  178.212801      35.033102
  178.269899      35.085699
  178.343100      35.138300
  178.414000      35.151503
  178.539701      35.147699
  178.635702      35.132700
  178.756903      35.132700
  178.871202      35.143900
  178.969500      35.181501
  179.065500      35.198400
  179.145502      35.196501
  179.200300      35.185202
  179.223200      35.155199
  179.234602      35.097002
  179.204901      35.010500
  179.179800      34.935202
  179.186602      34.884401
  179.218599      34.831602
  179.266600      34.788301
  179.353502      34.729799
  179.449499      34.652399
  179.547800      34.590002
  179.655302      34.544600
  179.785601      34.518103
  179.817602      34.557802
  179.877001      34.629702
  179.925001      34.761900
  179.941000      34.859900
  179.979902      34.903200
  179.996302      34.948801
  179.980303      34.051702
  179.979902      34.017099
  179.959299      34.020903
  179.931902      34.011400
  179.872400      34.009401
  179.765001      34.009401
  179.710100      33.992300
  179.682699      33.959902
  179.680403      33.914202
  179.698702      33.862700
  179.723803      33.839800
  179.778700      33.769201
  179.803900      33.744402
  179.851900      33.711901
  179.879301      33.689001
  179.895300      33.643103
  179.893000      33.599100
  179.879301      33.541700
  179.842699      33.495802
  179.794703      33.453600
  179.787901      33.434500
  179.778700      33.384600
  179.785601      33.338602
  179.781000      33.271402
  179.753599      33.223303
  179.701002      33.186800
  179.646101      33.154200
  179.600401      33.125299
  179.536402      33.059900
  179.493002      33.019400
  179.440401      32.977102
  179.394701      32.961599
  179.348902      32.963602
  179.278101      32.971300
  179.220900      32.979002
  179.161501      32.984800
  179.129499      33.007902
  179.129499      33.042601
  179.138601      33.100302
  179.090601      33.133001
  179.026602      33.154200
  178.948900      33.173403
  178.900900      33.184900
  178.825399      33.192602
  178.752302      33.190702
  178.699701      33.188803
  178.594500      33.202200
  178.530500      33.188803
  178.446001      33.148401
  178.365999      33.042601
  178.283602      33.042601
  178.212801      33.075300
  178.164801      33.113802
  178.098501      33.146502
  178.025301      33.146502
  177.956800      33.163801
  177.885900      33.163801
  177.833300      33.204100
  177.787600      33.242601
  177.723600      33.298300
  177.664103      33.292501
  177.586401      33.282900
  177.538401      33.294401
  177.472101      33.300200
  177.353201      33.300200
  177.264101      33.309801
  177.081202      33.290602
  176.976000      33.269503
  176.916601      33.234900
  176.822901      33.165701
  176.715403      33.121500
  176.601103      33.088800
  176.523401      33.088800
  176.464003      33.111799
  176.400000      33.144503
  176.299402      33.181101
  176.226202      33.194502
  176.155401      33.200300
  176.084501      33.198400
  176.013601      33.192602
  175.961000      33.177202
  175.935900      33.167601
  175.915300      33.142599
  175.910803      33.079100
  175.919901      33.031000
  175.906202      32.994402
  175.871901      32.992502
  175.835302      32.998301
  175.778200      33.017500
  175.727900      33.038702
  175.689001      33.077200
  175.652399      33.125299
  175.606703      33.181101
  175.563299      33.221399
  175.526701      33.244501
  175.483301      33.279100
  175.455801      33.344301
  175.476400      33.386499
  175.519800      33.409502
  175.510702      33.444002
  175.426100      33.446001
  175.398703      33.405703
  175.309500      33.446001
  175.215799      33.446001
  175.213499      33.438299
  175.222700      33.419100
  175.222700      33.363501
  175.190702      33.350100
  175.131201      33.353903
  175.028402      33.319403
  175.010099      33.302099
  174.998602      33.242601
  174.996302      33.136801
  174.980303      33.088800
  174.916300      33.032900
  174.859201      33.067602
  174.797503      33.079100
  174.740301      33.083002
  174.678602      33.086802
  174.619101      33.096502
  174.578001      33.123400
  174.550600      33.184900
  174.502600      33.244501
  174.463701      33.313601
  174.434000      33.376902
  174.456800      33.465101
  174.452299      33.534101
  174.404303      33.560900
  174.367701      33.610601
  174.324202      33.658400
  174.280802      33.687101
  174.214502      33.711901
  174.088800      33.740602
  173.995100      33.780703
  173.910501      33.872301
  173.848803      33.944700
  173.814501      34.041800
  173.773302      34.112200
  173.752703      34.180601
  173.771002      34.296400
  173.775602      34.349501
  173.766401      34.412100
  173.739000      34.476500
  173.695601      34.510500
  173.677301      34.544600
  173.686399      34.573000
  173.709299      34.616503
  173.681902      34.648600
  173.636202      34.673101
  173.606401      34.665602
  173.581301      34.641001
  173.542402      34.612700
  173.501303      34.591902
  173.448702      34.569201
  173.361799      34.569201
  173.304701      34.590002
  173.277300      34.624002
  173.245199      34.709002
  173.229200      34.776899
  173.236101      34.839201
  173.284101      34.912600
  173.311502      34.954100
  173.336702      35.003000
  173.343500      35.061300
  173.323000      35.138300
  173.277300      35.204000
  173.256701      35.243402
  173.272699      35.260302
  173.332102      35.249002
  173.380102      35.224600
  173.448702      35.192701
  173.478399      35.143900
  173.483000      35.095102
  173.469301      35.051901
  173.460100      35.001101
  173.485300      34.987902
  173.576700      34.976603
  173.633902      34.984201
  173.745901      34.972902
  173.912802      34.969103
  174.024801      34.925802
  174.045301      34.886301
  174.047602      34.839201
  174.027102      34.782602
  174.004202      34.722200
  173.997301      34.667501
  174.004202      34.644800
  174.040800      34.625902
  174.136801      34.614599
  174.226000      34.620199
  174.301401      34.618299
  174.392801      34.582399
  174.459101      34.535101
  174.459101      34.480303
  174.404303      34.429102
  174.356302      34.379900
  174.344801      34.349501
  174.379103      34.313501
  174.461401      34.309702
  174.564302      34.290701
  174.658003      34.226202
  174.717402      34.205301
  174.786001      34.212900
  174.852301      34.247103
  174.891199      34.300200
  174.962099      34.467001
  175.005503      34.544600
  175.032900      34.637201
  175.048903      34.709002
  175.117502      34.726000
  175.170099      34.695803
  175.179201      34.654200
  175.167803      34.610800
  175.151800      34.548403
  175.140402      34.493502
  175.140402      34.455702
  175.156401      34.393103
  175.195200      34.323000
  175.259199      34.233801
  175.330099      34.197702
  175.414701      34.155901
  175.506102      34.114100
  175.590700      34.057001
  175.698202      33.999903
  175.801001      33.937101
  175.890200      33.864599
  175.970201      33.799803
  175.993002      33.790201
  176.027300      33.845602
  176.036501      33.908503
  176.034201      33.988501
  176.031900      34.047503
  176.043303      34.135000
  176.084501      34.136900
  176.141600      34.127401
  176.217100      34.097002
  176.265100      34.081800
  176.358801      34.081800
  176.432001      34.093203
  176.489100      34.104601
  176.589701      34.129301
  176.656000      34.173002
  176.761202      34.266100
  176.790899      34.258501
  176.806902      34.319201
  176.806902      34.385500
  176.804602      34.478399
  176.784002      34.548403
  176.738302      34.586203
  176.713202      34.639101
  176.708601      34.695803
  176.722300      34.752401
  176.745100      34.792002
  176.761202      34.878702
  176.745100      34.967199
  176.758902      35.008600
  176.822901      35.033102
  176.907499      35.057501
  176.980600      35.068800
  177.088102      35.115801
  177.170301      35.162703
  177.236601      35.192701
  177.291502      35.233999
  177.332701      35.307100
  177.369200      35.398901
  177.364702      35.460699
  177.328100      35.563501
  177.307501      35.612001
  177.259501      35.679201
  177.204702      35.742601
  177.133802      35.804102
  177.072100      35.848700
  176.992002      35.925001
  176.960001      35.984503
  176.964602      36.029100
  177.008001      36.073603
  177.046900      36.134802
  177.008001      36.194201
  176.957701      36.223803
  176.902903      36.244200
  176.813700      36.271902
  176.726900      36.294203
  176.660601      36.305300
  176.587400      36.368101
  176.539400      36.429102
  176.482302      36.497499
  176.457102      36.547300
  176.416002      36.606302
  176.374800      36.656000
  176.308500      36.703901
  176.221601      36.762800
  176.153101      36.810602
  176.130201      36.840002
  176.089102      36.924501
  176.075300      36.983202
  176.077600      37.041800
  176.086802      37.111502
  176.102800      37.164499
  176.077600      37.212099
  176.015902      37.257799
  175.947302      37.296202
  175.878801      37.332701
  175.844500      37.372801
  175.814699      37.449400
  175.782701      37.569601
  175.755301      37.669600
  175.778200      37.713202
  175.830702      37.705900
  175.874201      37.693201
  175.908503      37.715002
  175.908503      37.756800
  175.894701      37.789400
  175.851301      37.820299
  175.801001      37.833002
  175.755301      37.852900
  175.743902      37.894602
  175.734701      37.938101
  175.734701      37.990499
  175.757601      37.985102
  175.794203      37.948900
  175.842199      37.916300
  175.865000      37.930799
  175.865000      37.967001
  175.844500      38.032103
  175.830702      38.070101
  175.821600      38.118902
  175.821600      38.164000
  175.823900      38.239801
  175.805601      38.326300
  175.780500      38.394701
  175.757601      38.448603
  175.757601      38.484602
  175.780500      38.493601
  175.816999      38.490000
  176.262800      38.319101
  176.319902      38.306501
  176.333700      38.272200
  176.331400      38.201902
  176.322203      38.135099
  176.324499      38.071901
  176.347403      38.028502
  176.374800      37.999601
  176.386202      37.941702
  176.386202      37.941702
  176.363401      37.929003
  176.363401      37.929003
  176.317701      37.930799
  176.317701      37.930799
  176.283400      37.912703
  176.283400      37.912703
  176.246801      37.880102
  176.246801      37.880102
  176.207899      37.874701
  176.214800      37.847502
  176.214800      37.847502
  176.251402      37.811201
>