>anchorPlateId 0
>reconstructionTime 0
>Ontong.gpml Hess.gpml broken_ridge.gpml centralKerguelen.gpml northKerguelen.gpml Manihiki.gpml Africa.gpml Shatsky.gpml elan.gpml madagascar.gpml southernKerguelen.gpml conrad.gpml Agrentine.gpml iceland.gpml Hikurangi2.gpml delCano.gpml Hikurangi.gpml antarctic.gpml MendelevRidge2.gpml MendelevRidge.gpml chagon.gpml
>
>UnclassifiedFeature <identity>GPlates-10bb78d1-c383-40cf-892d-6287c31aa67a</identity> <revision>GPlates-6ffb7a93-9b40-4d21-acc9-daefe51dcb73</revision>
> shapefileAttributes KeyValueDictionary ( contour,  355842) ( PLATEID1,  301) ( FROMAGE,  20) ( TOAGE,  0) ( NAME,  ) ( DESCR,  ) ( PLATEID2,  0) ( GPGIM_TYPE,  gpml:UnclassifiedFeature) ( FEATURE_ID,  GPlates-65d312d3-71fb-4ab8-b750-352a63230480) ( RECON_METH,  ) ( L_PLATE,  0) ( R_PLATE,  0) ( SPREAD_ASY,  0) ( IMPORT_AGE,  0) ( TYPE,  )
> reconstructionPlateId 301
> validTime TimePeriod <begin> TimeInstant <timePosition>20</timePosition></begin> <end> TimeInstant <timePosition>0</timePosition></end>
> name 
> description 
> conjugatePlateId 0
> spreadingAsymmetry 0
> leftPlate 0
> rightPlate 0
> geometryImportTime TimeInstant <timePosition>0</timePosition>
  -20.690599      68.251200
  -20.656300      68.230001
  -20.560200      68.231703
  -20.470999      68.221502
  -20.377300      68.187502
  -20.260700      68.101603
  -20.182899      68.038202
  -20.146299      68.006502
  -20.077700      67.991102
  -19.974800      67.997103
  -19.924500      68.002199
  -19.819399      68.007402
  -19.743900      67.975599
  -19.645599      67.937799
  -19.515200      67.927702
  -19.387199      67.922400
  -19.275099      67.937799
  -19.192799      67.932699
  -19.110500      67.931803
  -19.030500      67.907701
  -18.900099      67.898302
  -18.831499      67.875002
  -18.666899      67.860300
  -18.545700      67.830999
  -18.419899      67.814802
  -18.307899      67.786001
  -18.188999      67.753099
  -18.102100      67.728003
  -18.019800      67.708902
  -17.928299      67.682802
  -17.898600      67.659300
  -17.852900      67.647200
  -17.813999      67.647200
  -17.770500      67.656900
  -17.699699      67.655001
  -17.626499      67.641901
  -17.523600      67.649801
  -17.411499      67.662001
  -17.233200      67.688002
  -17.082300      67.701101
  -16.945099      67.724501
  -16.896999      67.734900
  -16.830700      67.758501
  -16.656900      67.776503
  -16.533499      67.798101
  -16.380299      67.797300
  -16.284199      67.795500
  -16.144699      67.799902
  -16.096699      67.816301
  -16.028099      67.809401
  -15.959499      67.806803
  -15.854300      67.818899
  -15.794899      67.830999
  -15.744600      67.798101
  -15.696600      67.789499
  -15.632500      67.812002
  -15.547899      67.830999
  -15.415300      67.831800
  -15.278099      67.823202
  -15.193499      67.801600
  -15.028900      67.744501
  -14.898500      67.698500
  -14.738499      67.643000
  -14.592100      67.581102
  -14.491499      67.524302
  -14.322300      67.409403
  -14.100500      67.307199
  -13.860399      67.224901
  -13.700300      67.180601
  -13.547100      67.093203
  -13.387100      66.988901
  -13.302500      66.941500
  -13.254400      66.888502
  -13.071499      66.836302
  -12.906900      66.757902
  -12.701099      66.667402
  -12.582199      66.597502
  -12.556999      66.546499
  -12.506699      66.486300
  -12.348900      66.401201
  -12.175200      66.343401
  -11.953400      66.302999
  -11.857300      66.290102
  -11.825300      66.267099
  -11.772699      66.248602
  -11.713299      66.221003
  -11.667500      66.188601
  -11.628700      66.175699
  -11.594400      66.186800
  -11.539499      66.162703
  -11.422899      66.092302
  -11.303900      66.007799
  -11.171299      65.897699
  -11.079899      65.824701
  -11.018099      65.770201
  -10.942699      65.726999
  -10.876400      65.679899
  -10.828300      65.626101
  -10.764299      65.576902
  -10.771000      65.572001
  -10.802000      65.513002
  -10.823000      65.466002
  -10.843000      65.431002
  -10.852999      65.384001
  -10.883999      65.329000
  -10.935999      65.264002
  -10.955999      65.233999
  -10.976999      65.195002
  -11.007999      65.160002
  -11.039000      65.108000
  -11.090000      65.043001
  -11.140999      64.978003
  -11.161999      64.955999
  -11.192999      64.917002
  -11.223999      64.878000
  -11.275000      64.837999
  -11.326000      64.786001
  -11.368000      64.724001
  -11.439999      64.672003
  -11.500999      64.632002
  -11.542000      64.592001
  -11.594000      64.535002
  -11.675999      64.473001
  -11.841000      64.415003
  -11.932999      64.370001
  -12.025999      64.330000
  -12.139000      64.263002
  -12.271999      64.201002
  -12.386000      64.156000
  -12.468000      64.101999
  -12.559999      64.057001
  -12.622000      64.011999
  -12.704000      63.976000
  -12.786999      63.948999
  -12.951000      63.893999
  -13.074999      63.853003
  -13.198000      63.808001
  -13.448799      63.765600
  -13.501400      63.777800
  -13.586000      63.774702
  -13.666000      63.776800
  -13.711800      63.744402
  -13.787199      63.696699
  -13.833000      63.671301
  -13.901600      63.675402
  -14.006699      63.686602
  -14.091400      63.682501
  -14.134800      63.667299
  -14.137100      63.645903
  -14.143900      63.633699
  -14.233099      63.620501
  -14.377199      63.584902
  -14.452599      63.571699
  -14.535000      63.544100
  -14.612700      63.522699
  -14.683599      63.524702
  -14.717899      63.521700
  -14.752199      63.514502
  -14.768200      63.494101
  -14.804800      63.475702
  -14.839100      63.476702
  -14.868799      63.484900
  -14.923700      63.484900
  -14.969400      63.480803
  -14.980799      63.470602
  -15.019699      63.447001
  -15.049400      63.457300
  -15.072300      63.460302
  -15.145500      63.441900
  -15.248400      63.413301
  -15.333000      63.400900
  -15.408400      63.388601
  -15.506800      63.366102
  -15.559399      63.344500
  -15.602800      63.336302
  -15.657700      63.349600
  -15.719400      63.335302
  -15.755999      63.315702
  -15.799500      63.279699
  -15.806299      63.270502
  -15.833799      63.266302
  -15.874899      63.261202
  -15.900099      63.267302
  -15.929800      63.273500
  -15.955000      63.283800
  -15.987000      63.280703
  -16.023600      63.270502
  -16.076099      63.234400
  -16.092199      63.212702
  -16.119600      63.189001
  -16.146999      63.165201
  -16.206499      63.149702
  -16.270500      63.155901
  -16.316200      63.169302
  -16.352800      63.175501
  -16.389399      63.173502
  -16.437399      63.170401
  -16.485500      63.183802
  -16.483200      63.211702
  -16.483200      63.230200
  -16.524300      63.246702
  -16.547199      63.238501
  -16.588299      63.232302
  -16.645500      63.241602
  -16.688999      63.246702
  -16.705000      63.235399
  -16.727800      63.212702
  -16.730099      63.204401
  -16.766699      63.200300
  -16.796400      63.183802
  -16.810200      63.167299
  -16.810200      63.148703
  -16.833000      63.126902
  -16.865000      63.124903
  -16.935900      63.126902
  -17.009100      63.136301
  -17.153099      63.144503
  -17.297199      63.134199
  -17.429800      63.118700
  -17.528200      63.091700
  -17.592199      63.063700
  -17.651600      63.046103
  -17.729399      63.047102
  -17.793400      63.010801
  -17.839100      62.995199
  -17.862000      62.962900
  -17.891699      62.921301
  -17.878000      62.912901
  -17.912300      62.879499
  -17.962599      62.850302
  -17.999199      62.809500
  -18.033499      62.779200
  -18.079199      62.758200
  -18.125000      62.751902
  -18.147800      62.775000
  -18.159300      62.801100
  -18.186699      62.829401
  -18.177599      62.857599
  -18.143299      62.881601
  -18.108999      62.900400
  -18.072399      62.917101
  -18.060900      62.934801
  -18.097500      62.955603
  -18.129499      62.961901
  -18.129499      62.982702
  -18.102100      63.001402
  -18.088400      63.021200
  -18.102100      63.039900
  -18.131800      63.055403
  -18.115799      63.059603
  -18.079199      63.062700
  -18.058699      63.082399
  -18.060900      63.088602
  -18.090700      63.096903
  -18.152399      63.094801
  -18.202700      63.100000
  -18.257599      63.100000
  -18.346800      63.083403
  -18.399399      63.068899
  -18.424500      63.053301
  -18.449699      63.043001
  -18.479399      63.040899
  -18.504499      63.037802
  -18.536600      63.059603
  -18.543400      63.087603
  -18.559399      63.106199
  -18.600599      63.116602
  -18.634899      63.129000
  -18.671499      63.136301
  -18.703499      63.133200
  -18.872700      63.155901
  -18.909300      63.162100
  -18.998499      63.161100
  -19.032799      63.164202
  -19.085300      63.158003
  -19.131100      63.154902
  -19.183699      63.164202
  -19.179100      63.179701
  -19.179100      63.198301
  -19.211100      63.208601
  -19.295700      63.201403
  -19.387199      63.187902
  -19.446600      63.185900
  -19.490099      63.212702
  -19.558699      63.222002
  -19.604399      63.210600
  -19.620399      63.204401
  -19.629599      63.182802
  -19.625000      63.164202
  -19.638699      63.149702
  -19.673000      63.139402
  -19.688999      63.125902
  -19.711899      63.096903
  -19.746199      63.092802
  -19.766800      63.091700
  -19.791899      63.110399
  -19.796499      63.126902
  -19.803299      63.129000
  -19.812500      63.139402
  -19.826199      63.135202
  -19.821600      63.125902
  -19.826199      63.110399
  -19.853699      63.110399
  -19.901699      63.106199
  -19.935999      63.121702
  -19.965700      63.122801
  -19.988600      63.108301
  -19.983999      63.086500
  -19.988600      63.065802
  -20.011400      63.053301
  -19.995399      63.035700
  -19.954300      63.022200
  -19.913099      63.021200
  -19.883400      63.019102
  -19.865099      63.011801
  -19.869699      62.999300
  -19.913099      62.995199
  -19.917700      62.992102
  -19.940500      62.981703
  -19.981699      62.961901
  -20.000000      62.934801
  -20.011400      62.919203
  -20.027399      62.908701
  -20.068600      62.911901
  -20.121199      62.932699
  -20.164600      62.956701
  -20.208099      62.972300
  -20.237799      62.971300
  -20.233200      62.941099
  -20.228699      62.907701
  -20.230900      62.885801
  -20.235500      62.876402
  -20.274399      62.869101
  -20.336100      62.871202
  -20.423000      62.911901
  -20.443600      62.915003
  -20.548800      62.904600
  -20.665400      62.882700
  -20.761400      62.859701
  -20.868900      62.846102
  -20.967199      62.822100
  -21.093000      62.836702
  -21.209600      62.848200
  -21.346800      62.870100
  -21.399399      62.885801
  -21.424599      62.902502
  -21.394800      62.926500
  -21.330799      62.930601
  -21.207300      62.959803
  -21.157000      62.972300
  -21.150200      62.985800
  -21.175299      62.988901
  -21.221100      62.988901
  -21.291899      62.972300
  -21.365099      62.967100
  -21.431400      62.964003
  -21.442900      62.950399
  -21.518299      62.972300
  -21.568600      62.980600
  -21.600599      62.978502
  -21.625799      62.966101
  -21.685200      62.955603
  -21.715000      62.964003
  -21.801899      62.971300
  -21.822399      62.948301
  -21.795000      62.903502
  -21.772100      62.860800
  -21.726400      62.826300
  -21.708099      62.802202
  -21.740099      62.790701
  -21.765299      62.784403
  -21.838400      62.793802
  -21.872700      62.804300
  -21.918499      62.801100
  -21.973400      62.810602
  -21.996199      62.830400
  -22.035099      62.857599
  -22.051100      62.877401
  -22.060299      62.883699
  -22.087700      62.874300
  -22.101400      62.844000
  -22.115099      62.818899
  -22.156300      62.803202
  -22.199699      62.790701
  -22.259199      62.786501
  -22.309500      62.777102
  -22.355200      62.771799
  -22.446699      62.799101
  -22.515299      62.817900
  -22.556499      62.838800
  -22.627300      62.836702
  -22.705099      62.823099
  -22.842300      62.824202
  -22.968000      62.833601
  -23.100700      62.856600
  -23.251600      62.878500
  -23.391100      62.900400
  -23.464199      62.925402
  -23.535099      62.927500
  -23.608299      62.912901
  -23.665499      62.896200
  -23.800400      62.838800
  -23.866699      62.830400
  -23.951300      62.825201
  -24.102200      62.832502
  -24.186800      62.826300
  -24.271400      62.831499
  -24.436100      62.838800
  -24.504700      62.833601
  -24.648699      62.848200
  -24.817900      62.855501
  -24.962000      62.883699
  -25.055700      62.898302
  -25.174599      62.921301
  -25.298100      62.933802
  -25.419300      62.952501
  -25.579399      62.981703
  -25.689100      63.028402
  -25.792000      63.085501
  -25.922400      63.124903
  -26.077900      63.171400
  -26.221899      63.223001
  -26.363699      63.274599
  -26.514599      63.337301
  -26.603800      63.453199
  -26.743299      63.562502
  -26.923899      63.694700
  -27.038200      63.782801
  -27.184599      63.852503
  -27.312599      63.942202
  -27.470400      64.037600
  -27.646500      64.113703
  -27.797400      64.201502
  -27.897999      64.279100
  -27.984900      64.308901
  -28.053499      64.307901
  -28.101500      64.444502
  -28.135799      64.627600
  -28.174700      64.741201
  -28.188400      64.801702
  -28.131300      64.828001
  -28.131300      64.839701
  -28.140400      64.846502
  -28.177000      64.857203
  -28.247900      64.874701
  -28.282200      64.888300
  -28.261599      64.902903
  -28.236399      64.923300
  -28.231899      64.934900
  -28.240999      64.942701
  -28.263899      64.945601
  -28.279900      64.947500
  -28.316500      65.002703
  -28.311899      65.093500
  -28.316500      65.109900
  -28.332500      65.137800
  -28.359900      65.177301
  -28.353100      65.215700
  -28.357599      65.272200
  -28.375900      65.344000
  -28.417099      65.430700
  -28.460499      65.498201
  -28.501699      65.537100
  -28.462799      65.567400
  -28.339300      65.599600
  -28.220400      65.623201
  -28.080900      65.662001
  -27.957500      65.704401
  -27.834000      65.748602
  -27.724199      65.824701
  -27.593899      65.875200
  -27.465799      65.936003
  -27.344700      65.968599
  -27.239500      66.001303
  -27.090799      66.073801
  -26.987900      66.124800
  -26.825600      66.181200
  -26.674700      66.256002
  -26.551199      66.304800
  -26.411699      66.361799
  -26.258499      66.415003
  -26.192200      66.459803
  -26.080099      66.513700
  -25.952099      66.536501
  -25.739399      66.559301
  -25.686800      66.618402
  -25.638800      66.674601
  -25.590799      66.740702
  -25.572500      66.834299
  -25.446800      66.869600
  -25.279800      66.914602
  -25.138100      66.975500
  -25.016899      67.073801
  -24.900200      67.130800
  -24.804199      67.153902
  -24.733299      67.153002
  -24.653299      67.151899
  -24.589300      67.150400
  -24.490900      67.168100
  -24.383499      67.187700
  -24.360600      67.212500
  -24.436100      67.206102
  -24.520700      67.204500
  -24.632700      67.207003
  -24.662399      67.225801
  -24.648699      67.257700
  -24.582399      67.283300
  -24.502399      67.312300
  -24.369699      67.374002
  -24.294300      67.411100
  -24.202799      67.444300
  -24.159399      67.474199
  -24.106800      67.520601
  -24.040499      67.544203
  -23.965000      67.567102
  -23.832399      67.609701
  -23.704300      67.688002
  -23.612900      67.735800
  -23.473400      67.771299
  -23.329300      67.803499
  -23.098400      67.851900
  -22.931499      67.869802
  -22.734800      67.912001
  -22.574699      67.968801
  -22.428400      68.029600
  -22.243200      68.127100
  -22.174599      68.201101
  -22.092300      68.271502
  -21.952799      68.342600
  -21.719500      68.399099
  -21.481699      68.421900
  -21.282799      68.411802
  -21.095299      68.384001
  -20.926100      68.351900
  -20.784300      68.304602
  -20.690599      68.251200
>