9554   67 NORTHERN KERGUELEN                                                    
 515   40.1 -999.0 PB   1 831   4   422
 -51.9976   66.6445 3
 -51.9976   66.6445 2
 -51.9692   66.5710 2
 -51.9487   66.5010 2
 -51.9366   66.4540 2
 -51.9075   66.3725 2
 -51.8997   66.3117 2
 -51.8926   66.2417 2
 -51.8841   66.1533 2
 -51.8685   66.0810 2
 -51.8564   65.9846 2
 -51.8393   65.8492 2
 -51.8116   65.7540 2
 -51.7903   65.6874 2
 -51.7739   65.6231 2
 -51.7333   65.5164 2
 -51.6734   65.4120 2
 -51.6205   65.3087 2
 -51.5677   65.2192 2
 -51.5290   65.1767 2
 -51.4502   65.1136 2
 -51.3734   65.0207 2
 -51.3138   64.9449 2
 -51.2396   64.8784 2
 -51.2353   64.8738 2
 -51.1928   64.8520 2
 -51.1329   64.7877 2
 -51.0599   64.7544 2
 -51.0034   64.7005 2
 -50.9701   64.7234 2
 -50.9034   64.6270 2
 -50.8330   64.5639 2
 -50.7661   64.4836 2
 -50.7143   64.4262 2
 -50.6502   64.3574 2
 -50.6020   64.2793 2
 -50.5589   64.1864 2
 -50.5121   64.0544 2
 -50.4689   63.9729 2
 -50.4491   63.9052 2
 -50.4484   63.8926 2
 -50.3743   63.7308 2
 -50.3288   63.6034 2
 -50.2935   63.4760 2
 -50.2619   63.4232 2
 -50.2067   63.3693 2
 -50.1544   63.3016 2
 -50.1116   63.2786 2
 -50.1116   63.2798 2
 -50.0303   63.2063 2
 -49.9845   63.1558 2
 -49.9163   63.0663 2
 -49.8897   62.9883 2
 -49.8518   62.8678 2
 -49.8385   62.7806 2
 -49.8355   62.7680 2
 -49.8273   62.6991 2
 -49.8199   62.5499 2
 -49.8192   62.4260 2
 -49.8013   62.2883 2
 -49.7739   62.2125 2
 -49.7181   62.1127 2
 -49.6905   62.0484 2
 -49.6771   61.9486 2
 -49.6734   61.8442 2
 -49.6742   61.7810 2
 -49.6570   61.6686 2
 -49.6332   61.6032 2
 -49.6034   61.5664 2
 -49.5444   61.4907 2
 -49.4869   61.4081 2
 -49.4263   61.3450 2
 -49.3753   61.2600 2
 -49.3364   61.1235 2
 -49.2951   61.1327 2
 -49.2575   61.0672 2
 -49.2132   61.0317 2
 -49.1733   61.0064 2
 -49.1176   61.0053 2
 -49.0649   61.0317 2
 -49.0098   61.0741 2
 -48.9592   61.1235 2
 -48.9063   61.1946 2
 -48.8684   61.2394 2
 -48.8237   61.2727 2
 -48.7805   61.3140 2
 -48.7190   61.3427 2
 -48.6735   61.3438 2
 -48.6316   61.3140 2
 -48.6004   61.2704 2
 -48.5997   61.2692 2
 -48.5433   61.2073 2
 -48.5014   61.1384 2
 -48.4663   61.0845 2
 -48.4296   61.0248 2
 -48.3616   60.9720 2
 -48.2943   60.9984 2
 -48.2797   60.9961 2
 -48.2023   61.0363 2
 -48.1271   61.0936 2
 -48.0740   61.1418 2
 -48.0317   61.1912 2
 -47.9832   61.2371 2
 -47.9393   61.2761 2
 -47.8960   61.3312 2
 -47.8312   61.3782 2
 -47.7809   61.4322 2
 -47.7453   61.4769 2
 -47.7345   61.4976 2
 -47.7159   61.5446 2
 -47.6996   61.6594 2
 -47.6958   61.7260 2
 -47.6950   61.7937 2
 -47.7058   61.8820 2
 -47.6958   61.9669 2
 -47.6601   62.0278 2
 -47.5794   62.0978 2
 -47.4869   62.1586 2
 -47.4457   62.1781 2
 -47.4075   62.2011 2
 -47.3600   62.2527 2
 -47.3366   62.3055 2
 -47.3233   62.3675 2
 -47.2983   62.4329 2
 -47.2952   62.4639 2
 -47.2499   62.4925 2
 -47.1787   62.5132 2
 -47.1240   62.5304 2
 -47.0863   62.5488 2
 -47.0228   62.5832 2
 -46.9702   62.5843 2
 -46.9262   62.6406 2
 -46.9042   62.7060 2
 -46.8829   62.7714 2
 -46.8633   62.8529 2
 -46.8436   62.9630 2
 -46.8262   63.0778 2
 -46.8192   63.1662 2
 -46.8286   63.2499 2
 -46.8184   63.3154 2
 -46.7837   63.3750 2
 -46.7451   63.4278 2
 -46.7024   63.4806 2
 -46.6456   63.5414 2
 -46.6045   63.5690 2
 -46.5593   63.5873 2
 -46.5087   63.6390 2
 -46.4920   63.6527 2
 -46.4309   63.7009 2
 -46.3833   63.7870 2
 -46.3539   63.8673 2
 -46.3341   63.9500 2
 -46.3325   64.0418 2
 -46.3166   64.1646 2
 -46.3221   64.2644 2
 -46.3166   64.3654 2
 -46.3333   64.4939 2
 -46.3285   64.5444 2
 -46.3213   64.5995 2
 -46.3182   64.6902 2
 -46.3086   64.7762 2
 -46.2736   64.9151 2
 -46.2266   65.0115 2
 -46.1876   65.0792 2
 -46.1278   65.1561 2
 -46.0943   65.1893 2
 -46.0263   65.2972 2
 -45.9840   65.3558 2
 -45.9744   65.3753 2
 -45.9175   65.4315 2
 -45.8566   65.4774 2
 -45.8109   65.5130 2
 -45.7547   65.5761 2
 -45.6888   65.6300 2
 -45.6195   65.7333 2
 -45.5406   65.8607 2
 -45.5099   65.9135 2
 -45.4469   66.0512 2
 -45.4364   66.0891 2
 -45.4162   66.1774 2
 -45.4178   66.2359 2
 -45.4178   66.2543 2
 -45.3734   66.4184 2
 -45.3645   66.5320 2
 -45.3507   66.5963 2
 -45.3418   66.6502 2
 -45.3305   66.7110 2
 -45.3386   66.7742 2
 -45.3612   66.8120 2
 -45.3952   66.8901 2
 -45.4178   66.9704 2
 -45.4243   67.0507 2
 -45.4001   67.0932 2
 -45.3831   67.1391 2
 -45.3750   67.2056 2
 -45.3621   67.2791 2
 -45.3451   67.3606 2
 -45.3354   67.4156 2
 -45.3127   67.5109 2
 -45.3005   67.6199 2
 -45.3078   67.7863 2
 -45.3175   67.8896 2
 -45.3281   67.9619 2
 -45.3281   67.9688 2
 -45.3734   68.0824 2
 -45.4372   68.1558 2
 -45.5043   68.2695 2
 -45.5648   68.3199 2
 -45.6389   68.3785 2
 -45.7040   68.3945 2
 -45.7418   68.4577 2
 -45.7956   68.5059 2
 -45.8582   68.5518 2
 -45.9319   68.5862 2
 -45.9728   68.6068 2
 -46.0247   68.6413 2
 -46.0535   68.6631 2
 -46.0919   68.7078 2
 -46.1509   68.7606 2
 -46.2067   68.8203 2
 -46.2306   68.9293 2
 -46.2712   69.0200 2
 -46.2919   69.1072 2
 -46.3269   69.2495 2
 -46.3476   69.3746 2
 -46.3476   69.4331 2
 -46.3603   69.5720 2
 -46.3468   69.7188 2
 -46.3571   69.8933 2
 -46.3404   70.0092 2
 -46.3317   70.1044 2
 -46.2863   70.1756 2
 -46.2242   70.2628 2
 -46.1852   70.3707 2
 -46.1030   70.4774 2
 -46.0895   70.4969 2
 -46.0655   70.5635 2
 -46.0447   70.6966 2
 -46.0367   70.8067 2
 -46.0343   70.8871 2
 -46.0407   71.0087 2
 -46.0311   71.0592 2
 -46.0759   71.2922 2
 -46.1070   71.4207 2
 -46.1629   71.5366 2
 -46.1964   71.5951 2
 -46.2625   71.6697 2
 -46.3349   71.7822 2
 -46.3913   71.9176 2
 -46.4230   71.9601 2
 -46.4484   72.0519 2
 -46.5182   72.2401 2
 -46.5783   72.3663 2
 -46.6456   72.4616 2
 -46.6945   72.4765 2
 -46.7340   72.5052 2
 -46.8381   72.6188 2
 -46.9270   72.7014 2
 -47.0150   72.7691 2
 -47.0691   72.8012 2
 -47.1334   72.8816 2
 -47.1694   72.9424 2
 -47.1913   73.0227 2
 -47.2210   73.1145 2
 -47.2374   73.1949 2
 -47.2382   73.2373 2
 -47.2452   73.3475 2
 -47.2296   73.4255 2
 -47.2202   73.4921 2
 -47.2132   73.5931 2
 -47.2171   73.6275 2
 -47.2851   73.6826 2
 -47.3608   73.7847 2
 -47.3966   73.8375 2
 -47.4184   73.8891 2
 -47.4293   73.9339 2
 -47.4683   74.0475 2
 -47.4846   74.1255 2
 -47.4908   74.2242 2
 -47.4932   74.2816 2
 -47.5056   74.4251 2
 -47.5056   74.5685 2
 -47.5087   74.6557 2
 -47.5281   74.7280 2
 -47.5678   74.7234 2
 -47.6120   74.6339 2
 -47.6244   74.5157 2
 -47.6314   74.4388 2
 -47.6531   74.3436 2
 -47.6772   74.2380 2
 -47.7097   74.1152 2
 -47.7198   74.0923 2
 -47.7693   73.9546 2
 -47.8281   73.8352 2
 -47.8852   73.7629 2
 -47.9400   73.6608 2
 -48.0163   73.5001 2
 -48.0586   73.3854 2
 -48.0956   73.2557 2
 -48.1040   73.0881 2
 -48.1094   72.9263 2
 -48.1148   72.7966 2
 -48.1186   72.6050 2
 -48.1325   72.4776 2
 -48.1578   72.3307 2
 -48.1708   72.2034 2
 -48.2123   72.0725 2
 -48.2070   72.0752 2
 -48.2123   72.0660 2
 -48.2200   72.0373 2
 -48.2223   72.0270 2
 -48.2254   71.9845 2
 -48.2308   71.9398 2
 -48.2392   71.9042 2
 -48.2530   71.8675 2
 -48.2652   71.8365 2
 -48.2775   71.7711 2
 -48.2798   71.7447 2
 -48.2959   71.6976 2
 -48.3150   71.6437 2
 -48.3364   71.5749 2
 -48.3540   71.5427 2
 -48.3823   71.4854 2
 -48.4182   71.4246 2
 -48.4473   71.3878 2
 -48.4877   71.3500 2
 -48.5388   71.3190 2
 -48.5830   71.2903 2
 -48.6339   71.2697 2
 -48.6803   71.2536 2
 -48.7289   71.2467 2
 -48.7881   71.2364 2
 -48.8351   71.2341 2
 -48.8767   71.2341 2
 -48.9320   71.2398 2
 -48.9493   71.2421 2
 -48.9977   71.2433 2
 -49.0415   71.2547 2
 -49.0716   71.2605 2
 -49.0724   71.2605 2
 -49.1018   71.2742 2
 -49.1560   71.3029 2
 -49.2011   71.3247 2
 -49.2530   71.3190 2
 -49.2995   71.2983 2
 -49.3483   71.2639 2
 -49.3858   71.2318 2
 -49.4187   71.2008 2
 -49.4509   71.1698 2
 -49.4688   71.1457 2
 -49.5122   71.0987 2
 -49.5772   71.0482 2
 -49.6234   71.0115 2
 -49.6614   70.9874 2
 -49.7448   70.9300 2
 -49.7730   70.9059 2
 -49.8124   70.8738 2
 -49.8695   70.8417 2
 -49.9029   70.8130 2
 -49.9540   70.7636 2
 -49.9762   70.7384 2
 -50.0420   70.6730 2
 -50.0886   70.6236 2
 -50.1136   70.5858 2
 -50.1513   70.5410 2
 -50.1896   70.4791 2
 -50.2286   70.4010 2
 -50.2639   70.3368 2
 -50.3147   70.2392 2
 -50.3360   70.1773 2
 -50.3462   70.1417 2
 -50.3631   70.0947 2
 -50.4079   70.0614 2
 -50.4284   69.9960 2
 -50.4585   69.9466 2
 -50.4980   69.8766 2
 -50.5346   69.8204 2
 -50.5507   69.7975 2
 -50.5646   69.7596 2
 -50.6069   69.7068 2
 -50.6441   69.6460 2
 -50.6711   69.5760 2
 -50.6828   69.5186 2
 -50.6996   69.4727 2
 -50.7309   69.4177 2
 -50.7637   69.3637 2
 -50.8029   69.2547 2
 -50.7942   69.1824 2
 -50.8146   69.1216 2
 -50.8487   69.0585 2
 -50.8865   68.9839 2
 -50.9228   68.9071 2
 -50.9554   68.8428 2
 -50.9916   68.7579 2
 -51.0322   68.6833 2
 -51.0828   68.6007 2
 -51.0922   68.5800 2
 -51.1413   68.5135 2
 -51.2012   68.4194 2
 -51.2465   68.3494 2
 -51.2948   68.2622 2
 -51.3386   68.1784 2
 -51.3746   68.1107 2
 -51.4176   67.9811 2
 -51.4449   67.9225 2
 -51.4757   67.8709 2
 -51.5022   67.8307 2
 -51.5330   67.7550 2
 -51.5759   67.6426 2
 -51.6288   67.5405 2
 -51.6659   67.4418 2
 -51.7066   67.3534 2
 -51.7330   67.2972 2
 -51.7650   67.2169 2
 -51.7949   67.1285 2
 -51.8233   67.0723 2
 -51.8774   66.9484 2
 -51.9242   66.8543 2
 -51.9519   66.7797 2
 -51.9760   66.7189 2
 -52.0022   66.6558 2
 -51.9976   66.6445 2
  99.0000   99.0000 3
