9588   71 3000 METERS MADAGASCAR RIDGE, WEST INDIAN OCEAN                       
 701   90.0 -999.0 BA3000 703   7   310
 -26.3387   47.7737 3
 -26.3305   47.7669 2
 -26.2687   47.7509 2
 -26.1677   47.7486 2
 -26.0769   47.7874 2
 -26.0005   47.8126 2
 -25.9591   47.8309 2
 -25.8827   47.8354 2
 -25.8020   47.8263 2
 -25.7606   47.8194 2
 -25.7813   47.7326 2
 -25.8413   47.5589 2
 -25.9075   47.3554 2
 -25.9653   47.1337 2
 -26.0170   46.9371 2
 -26.0954   46.7314 2
 -26.1718   46.5097 2
 -26.2295   46.3086 2
 -26.2378   46.1600 2
 -26.2481   46.0069 2
 -26.2790   45.7691 2
 -26.2996   45.6457 2
 -26.3449   45.6206 2
 -26.3758   45.4491 2
 -26.4067   45.2571 2
 -26.4478   45.0789 2
 -26.4622   44.8777 2
 -26.5054   44.7109 2
 -26.5630   44.5074 2
 -26.5794   44.3406 2
 -26.6123   44.2263 2
 -26.6472   44.2171 2
 -26.6904   44.2080 2
 -26.7335   44.2103 2
 -26.7786   44.2171 2
 -26.8053   44.2263 2
 -26.8484   44.2331 2
 -26.8607   44.2514 2
 -26.8443   44.2217 2
 -26.9426   44.2400 2
 -27.0389   44.2514 2
 -27.0409   44.2560 2
 -27.1678   44.2446 2
 -27.2515   44.2583 2
 -27.3373   44.2926 2
 -27.4352   44.3200 2
 -27.5249   44.3154 2
 -27.6125   44.2766 2
 -27.6655   44.2491 2
 -27.7143   44.2149 2
 -27.7672   44.1463 2
 -27.8099   44.0869 2
 -27.8383   44.0343 2
 -27.8871   44.0046 2
 -27.9419   43.9680 2
 -27.9926   43.9291 2
 -28.0454   43.9269 2
 -28.0778   43.9131 2
 -28.1123   43.9063 2
 -28.1447   43.9543 2
 -28.1589   43.9954 2
 -28.1710   44.0366 2
 -28.1872   44.0640 2
 -28.2358   44.1006 2
 -28.2986   44.1074 2
 -28.3046   44.1029 2
 -28.3248   44.0937 2
 -28.3592   44.0709 2
 -28.3855   44.0503 2
 -28.4098   44.0297 2
 -28.4562   44.0183 2
 -28.4865   44.0389 2
 -28.5108   44.0640 2
 -28.5431   44.0983 2
 -28.5854   44.1234 2
 -28.6137   44.0960 2
 -28.6439   44.0663 2
 -28.6621   44.0366 2
 -28.6903   44.0091 2
 -28.7266   44.0046 2
 -28.7729   44.0206 2
 -28.8353   44.0480 2
 -28.9037   44.0594 2
 -28.9520   44.0709 2
 -28.9721   44.0594 2
 -29.0263   44.0411 2
 -29.0745   44.0160 2
 -29.1287   43.9817 2
 -29.1488   43.9429 2
 -29.1970   43.9269 2
 -29.2170   43.9040 2
 -29.2371   43.8834 2
 -29.2331   43.8560 2
 -29.2090   43.8537 2
 -29.1468   43.8720 2
 -29.1047   43.8423 2
 -29.0826   43.8126 2
 -29.0786   43.7829 2
 -29.0886   43.7440 2
 -29.1147   43.6983 2
 -29.1388   43.6686 2
 -29.1689   43.6594 2
 -29.1869   43.6389 2
 -29.1970   43.6091 2
 -29.2270   43.5794 2
 -29.2792   43.5589 2
 -29.3012   43.5680 2
 -29.3553   43.5589 2
 -29.4013   43.5451 2
 -29.4354   43.5383 2
 -29.4814   43.5383 2
 -29.5054   43.5657 2
 -29.5233   43.6023 2
 -29.5313   43.6137 2
 -29.5873   43.6137 2
 -29.6193   43.5931 2
 -29.6432   43.5817 2
 -29.7011   43.5634 2
 -29.7849   43.5451 2
 -29.8387   43.5223 2
 -29.8945   43.4629 2
 -29.9483   43.3943 2
 -30.0139   43.3257 2
 -30.0636   43.2754 2
 -30.1094   43.2320 2
 -30.1709   43.1749 2
 -30.2424   43.1474 2
 -30.3000   43.1086 2
 -30.3555   43.0880 2
 -30.4129   43.0743 2
 -30.4842   43.0514 2
 -30.5179   43.0537 2
 -30.5555   43.0514 2
 -30.5970   43.0491 2
 -30.6405   43.0240 2
 -30.6879   43.0103 2
 -30.7847   42.9966 2
 -30.8518   42.9509 2
 -30.8715   42.9371 2
 -30.9523   42.8983 2
 -31.0054   42.8709 2
 -31.0665   42.8411 2
 -31.1530   42.8046 2
 -31.2061   42.7886 2
 -31.2669   42.7794 2
 -31.3101   42.7863 2
 -31.3631   42.7863 2
 -31.4004   42.7863 2
 -31.4298   42.7634 2
 -31.4690   42.7246 2
 -31.5042   42.6926 2
 -31.5414   42.6720 2
 -31.5923   42.6674 2
 -31.6529   42.6994 2
 -31.7155   42.7566 2
 -31.7428   42.8046 2
 -31.7663   42.8800 2
 -31.8073   42.9509 2
 -31.8873   43.0149 2
 -31.9613   43.0469 2
 -32.0685   43.0560 2
 -32.1774   43.0446 2
 -32.2959   43.0103 2
 -32.3852   42.9371 2
 -32.4511   42.8846 2
 -32.5169   42.8983 2
 -32.5750   42.9074 2
 -32.6408   42.9463 2
 -32.7452   42.9440 2
 -32.8571   42.9440 2
 -32.9574   42.9051 2
 -33.0190   42.8846 2
 -33.0980   42.8663 2
 -33.1557   42.8389 2
 -33.2325   42.8206 2
 -33.2997   42.8023 2
 -33.3496   42.7840 2
 -33.4953   42.7543 2
 -33.6006   42.7406 2
 -33.6560   42.7291 2
 -33.7344   42.7337 2
 -33.7821   42.7451 2
 -33.8450   42.7771 2
 -33.8851   42.8343 2
 -33.9365   42.9074 2
 -33.9537   42.9646 2
 -33.9670   42.9989 2
 -34.0203   43.0583 2
 -34.0698   43.1200 2
 -34.1040   43.1474 2
 -34.1592   43.1840 2
 -34.2029   43.2160 2
 -34.2541   43.2251 2
 -34.2731   43.2000 2
 -34.3034   43.1383 2
 -34.3414   43.0926 2
 -34.3603   43.0514 2
 -34.4020   43.0080 2
 -34.4380   42.9760 2
 -34.4929   42.9554 2
 -34.5270   42.9691 2
 -34.5913   42.9829 2
 -34.6404   42.9531 2
 -34.6801   42.9257 2
 -34.7216   42.9120 2
 -34.7235   42.9303 2
 -34.7197   42.9669 2
 -34.7254   42.9874 2
 -34.7424   42.9966 2
 -34.7744   42.9966 2
 -34.7650   43.0491 2
 -34.7801   43.1086 2
 -34.7971   43.1703 2
 -34.7933   43.2114 2
 -34.8291   43.2731 2
 -34.8291   43.3189 2
 -34.7933   43.3691 2
 -34.7914   43.3966 2
 -34.8197   43.4377 2
 -34.8724   43.4057 2
 -34.9082   43.3737 2
 -34.9402   43.3280 2
 -34.9910   43.2800 2
 -35.0004   43.2503 2
 -35.0192   43.1954 2
 -35.0456   43.1451 2
 -35.1226   43.1497 2
 -35.1526   43.1863 2
 -35.1864   43.2457 2
 -35.1977   43.2869 2
 -35.1808   43.3211 2
 -35.1658   43.3554 2
 -35.1339   43.3691 2
 -35.1001   43.3669 2
 -35.0606   43.3531 2
 -35.0493   43.3486 2
 -34.9741   43.3829 2
 -34.9572   43.3874 2
 -34.9515   43.4080 2
 -34.9553   43.4377 2
 -34.9591   43.4674 2
 -34.9685   43.5131 2
 -34.9779   43.5406 2
 -35.0061   43.5429 2
 -35.0324   43.5086 2
 -35.0681   43.4857 2
 -35.1132   43.4880 2
 -35.1620   43.4971 2
 -35.2277   43.5223 2
 -35.2596   43.4949 2
 -35.3064   43.4423 2
 -35.3308   43.4697 2
 -35.3233   43.5383 2
 -35.3008   43.6183 2
 -35.2877   43.6869 2
 -35.2689   43.7806 2
 -35.2802   43.9200 2
 -35.2914   44.0091 2
 -35.3458   44.0937 2
 -35.3589   44.1326 2
 -35.3664   44.1897 2
 -35.3589   44.2674 2
 -35.3514   44.3474 2
 -35.3046   44.4434 2
 -35.2783   44.4891 2
 -35.2652   44.5577 2
 -35.2483   44.6446 2
 -35.2465   44.6994 2
 -35.2596   44.8091 2
 -35.2821   44.8503 2
 -35.3252   44.8869 2
 -35.3495   44.9280 2
 -35.3645   44.9440 2
 -35.4038   44.9851 2
 -35.4150   45.0331 2
 -35.4169   45.0926 2
 -35.4132   45.1566 2
 -35.3907   45.1909 2
 -35.4075   45.2526 2
 -35.4132   45.2594 2
 -35.4113   45.2777 2
 -35.4019   45.2891 2
 -35.3944   45.3166 2
 -35.3963   45.3280 2
 -35.4356   45.3600 2
 -35.4019   45.3851 2
 -35.3308   45.4491 2
 -35.2971   45.4926 2
 -35.2802   45.5246 2
 -35.2989   45.5657 2
 -35.3420   45.5817 2
 -35.3739   45.5886 2
 -35.3982   45.5817 2
 -35.4468   45.5726 2
 -35.4917   45.5703 2
 -35.5104   45.5771 2
 -35.5141   45.6000 2
 -35.5067   45.6160 2
 -35.5553   45.6526 2
 -35.5889   45.6846 2
 -35.6150   45.7097 2
 -35.6505   45.7669 2
 -35.6691   45.8103 2
 -35.6766   45.8674 2
 -35.6728   45.8903 2
 -35.6672   45.9154 2
 -35.6355   45.9497 2
 -35.6113   45.9954 2
 -35.5000   46.3000 2
 -26.3387   47.7737 2
  99.0000   99.0000 3
9588   72 3500 METERS MADAGASCAR RIDGE, WEST INDIAN OCEAN                       
 701   90.0 -999.0 BA3500 703   7     0
 -26.3428   47.7646 3
 -26.4355   47.7874 2
 -26.5034   47.8331 2
 -26.5630   47.8651 2
 -26.6370   47.8994 2
 -26.7027   47.9177 2
 -26.7478   47.9269 2
 -26.7909   47.8971 2
 -26.8648   47.8309 2
 -26.9303   47.7829 2
 -26.9795   47.7531 2
 -27.0266   47.7280 2
 -27.0798   47.7257 2
 -27.1330   47.7600 2
 -27.1473   47.8149 2
 -27.1330   47.8514 2
 -27.0921   47.8880 2
 -27.0696   47.9200 2
 -27.0552   47.9611 2
 -27.0573   48.0229 2
 -27.0675   48.0617 2
 -27.0900   48.1120 2
 -27.1248   48.1669 2
 -27.1596   48.1989 2
 -27.2025   48.2286 2
 -27.2617   48.2766 2
 -27.3128   48.3131 2
 -27.3700   48.3406 2
 -27.4189   48.3611 2
 -27.4414   48.3977 2
 -27.4617   48.4663 2
 -27.4638   48.5349 2
 -27.4577   48.5806 2
 -27.4516   48.6331 2
 -27.4617   48.6811 2
 -27.4760   48.7040 2
 -27.5066   48.6971 2
 -27.5575   48.7200 2
 -27.6003   48.7154 2
 -27.6492   48.7154 2
 -27.6817   48.7246 2
 -27.7021   48.7200 2
 -27.7285   48.7771 2
 -27.7509   48.8229 2
 -27.7509   48.8503 2
 -27.7489   48.8937 2
 -27.7489   48.9669 2
 -27.7611   49.0194 2
 -27.7692   49.0606 2
 -27.7814   49.1086 2
 -27.7895   49.1314 2
 -27.8139   49.1749 2
 -27.8708   49.2069 2
 -27.9135   49.2160 2
 -27.9784   49.2457 2
 -28.0129   49.2594 2
 -28.0271   49.2686 2
 -28.0291   49.2891 2
 -28.0291   49.3189 2
 -28.0251   49.3554 2
 -28.0291   49.4057 2
 -28.0373   49.4240 2
 -28.0433   49.4400 2
 -28.0677   49.4926 2
 -28.1082   49.4994 2
 -28.1467   49.4971 2
 -28.1771   49.4971 2
 -28.2419   49.4857 2
 -28.2824   49.4720 2
 -28.3066   49.4766 2
 -28.3329   49.4857 2
 -28.3532   49.4811 2
 -28.3734   49.4583 2
 -28.4683   49.4377 2
 -28.5229   49.4080 2
 -28.5915   49.3897 2
 -28.6359   49.3920 2
 -28.6762   49.4011 2
 -28.7205   49.4034 2
 -28.7830   49.3966 2
 -28.8132   49.3623 2
 -28.8393   49.3349 2
 -28.8635   49.3006 2
 -28.9439   49.2480 2
 -28.9942   49.2229 2
 -29.0766   49.1840 2
 -29.1147   49.1611 2
 -29.1488   49.1360 2
 -29.1950   49.1246 2
 -29.2611   49.0949 2
 -29.3353   49.0583 2
 -29.3893   49.0171 2
 -29.4834   48.9600 2
 -29.5453   48.9143 2
 -29.6213   48.8434 2
 -29.6273   48.8023 2
 -29.7071   48.6354 2
 -29.7450   48.5166 2
 -29.8088   48.3840 2
 -29.8347   48.3360 2
 -29.8945   48.2766 2
 -29.9383   48.2423 2
 -30.0000   48.1874 2
 -30.0597   48.1234 2
 -30.1233   48.1006 2
 -30.1928   48.0731 2
 -30.2702   48.0571 2
 -30.3634   48.0389 2
 -30.4545   48.0503 2
 -30.5119   48.0526 2
 -30.6049   48.0274 2
 -30.6800   48.0046 2
 -30.7827   47.9360 2
 -30.8537   47.8789 2
 -30.9030   47.8263 2
 -30.9227   47.7531 2
 -30.9543   47.6549 2
 -30.9661   47.6274 2
 -31.0054   47.5314 2
 -31.0409   47.4377 2
 -31.0724   47.3257 2
 -31.1314   47.2617 2
 -31.1884   47.2023 2
 -31.2218   47.1657 2
 -31.2552   47.1360 2
 -31.2905   47.0994 2
 -31.3807   47.0309 2
 -31.4278   46.9943 2
 -31.4866   46.9760 2
 -31.5297   46.9714 2
 -31.6001   46.9669 2
 -31.6705   46.9531 2
 -31.7018   46.9714 2
 -31.7663   46.9989 2
 -31.8307   47.0263 2
 -31.8736   47.0446 2
 -31.9185   47.0606 2
 -31.9516   47.0903 2
 -31.9730   47.1474 2
 -31.9789   47.2206 2
 -31.9886   47.2571 2
 -31.9906   47.3486 2
 -32.0120   47.3760 2
 -32.0431   47.4171 2
 -32.0373   47.4583 2
 -32.0198   47.5246 2
 -32.0159   47.5771 2
 -32.0159   47.6297 2
 -32.0256   47.6686 2
 -32.0587   47.7120 2
 -32.0860   47.7349 2
 -32.1190   47.7554 2
 -32.1327   47.7577 2
 -32.1949   47.8034 2
 -32.2376   47.8263 2
 -32.2959   47.8926 2
 -32.3328   47.9589 2
 -32.3929   48.0091 2
 -32.4414   48.0343 2
 -32.5131   48.0389 2
 -32.5499   48.0320 2
 -32.6002   48.0343 2
 -32.6563   48.0251 2
 -32.7085   47.9840 2
 -32.7568   47.9337 2
 -32.7877   47.9063 2
 -32.8282   47.8491 2
 -32.9015   47.7691 2
 -32.9709   47.7074 2
 -33.0383   47.6480 2
 -33.0941   47.5977 2
 -33.1384   47.5611 2
 -33.1749   47.5246 2
 -33.2229   47.4971 2
 -33.2882   47.4880 2
 -33.3746   47.4697 2
 -33.4321   47.4606 2
 -33.5202   47.4514 2
 -33.5700   47.4423 2
 -33.6828   47.4263 2
 -33.7535   47.4423 2
 -33.8374   47.4697 2
 -33.9442   47.4766 2
 -34.0241   47.5017 2
 -34.0698   47.5109 2
 -34.1421   47.5223 2
 -34.2256   47.5291 2
 -34.2921   47.5291 2
 -34.3698   47.5337 2
 -34.4229   47.5406 2
 -34.4532   47.5474 2
 -34.5024   47.5680 2
 -34.5251   47.5749 2
 -34.5497   47.5566 2
 -34.5591   47.5040 2
 -34.5478   47.4857 2
 -34.5213   47.4514 2
 -34.5232   47.3943 2
 -34.5516   47.3280 2
 -34.5780   47.2640 2
 -34.6215   47.2023 2
 -34.6820   47.0971 2
 -34.7084   47.0286 2
 -34.7707   46.9371 2
 -34.7744   46.9326 2
 -34.8159   46.8731 2
 -34.9063   46.8183 2
 -34.9703   46.7749 2
 -35.0324   46.7131 2
 -35.1489   46.6354 2
 -35.2127   46.6171 2
 -35.2746   46.5806 2
 -35.3383   46.5669 2
 -35.4300   46.5166 2
 -35.4842   46.4800 2
 -35.5216   46.4183 2
 -35.5160   46.3931 2
 -35.4992   46.3726 2
 -35.4805   46.3474 2
 -35.4786   46.3566 2
 -35.5141   46.3040 2
 -35.5515   46.2560 2
 -35.5833   46.2194 2
 -35.6169   46.1371 2
 -35.6691   46.0731 2
 -35.7008   46.0503 2
 -35.7008   46.0503 2
 -26.3428   47.7646 2
  99.0000   99.0000 3
