>anchorPlateId 0
>reconstructionTime 0
>Ontong.gpml Hess.gpml broken_ridge.gpml centralKerguelen.gpml northKerguelen.gpml Manihiki.gpml Africa.gpml Shatsky.gpml elan.gpml madagascar.gpml southernKerguelen.gpml conrad.gpml Agrentine.gpml iceland.gpml Hikurangi2.gpml delCano.gpml Hikurangi.gpml antarctic.gpml MendelevRidge2.gpml MendelevRidge.gpml chagon.gpml
>
>LargeIgneousProvince <identity>GPlates-af40ddd2-dfa9-4b12-b796-33681053b97e</identity> <revision>GPlates-4e3229f9-e26d-48f3-be28-8c056e200a03</revision>
> name 3500 METERS MADAGASCAR RIDGE, WEST INDIAN OCEAN
> description 
> shapefileAttributes KeyValueDictionary ( PLATEID1,  702) ( TYPE,  VP) ( FROMAGE,  90) ( TOAGE,  0) ( NAME,  3500 METERS MADAGASCAR RIDGE, WEST INDIAN OCEAN) ( DESCR,  ) ( GPGIM_TYPE,  gpml:LargeIgneousProvince) ( FEATURE_ID,  GPlates-604f003e-19e5-4c0e-b43c-5892cfc45b94) ( REF,  EarthByte Database) ( PLATEID2,  0) ( RECON_METH,  ) ( L_PLATE,  0) ( R_PLATE,  0) ( SPREAD_ASY,  0) ( IMPORT_AGE,  0)
> validTime TimePeriod <begin> TimeInstant <timePosition>90</timePosition></begin> <end> TimeInstant <timePosition>0</timePosition></end>
> reconstructionPlateId 702
> geometryImportTime TimeInstant <timePosition>0</timePosition>
> conjugatePlateId 0
> leftPlate 0
> rightPlate 0
> spreadingAsymmetry 0
  46.350443      -35.482756
  46.356600      -35.478600
  46.347403      -35.480499
  46.350443      -35.482756
  46.304003      -35.514099
  46.256002      -35.551500
  46.219400      -35.583300
  46.137102      -35.616899
  46.073099      -35.669100
  45.995401      -35.611300
  45.949701      -35.635500
  45.915400      -35.667200
  45.890303      -35.672800
  45.867399      -35.676600
  45.810301      -35.669100
  45.766901      -35.650499
  45.709700      -35.615000
  45.684603      -35.588900
  45.652601      -35.555300
  45.615999      -35.506699
  45.600000      -35.514099
  45.577101      -35.510399
  45.570299      -35.491699
  45.572599      -35.446800
  45.581701      -35.398199
  45.588602      -35.373899
  45.581701      -35.341999
  45.565702      -35.298899
  45.524599      -35.280199
  45.492601      -35.297100
  45.449102      -35.330799
  45.385099      -35.401899
  45.360003      -35.435600
  45.328001      -35.396299
  45.316603      -35.394400
  45.289103      -35.401899
  45.277700      -35.411299
  45.259401      -35.413200
  45.252600      -35.407499
  45.190901      -35.390699
  45.156603      -35.413200
  45.092600      -35.416899
  45.033102      -35.414999
  44.985102      -35.403799
  44.944002      -35.364500
  44.927999      -35.349499
  44.886900      -35.325199
  44.850302      -35.282099
  44.809099      -35.259600
  44.699400      -35.246500
  44.644602      -35.248299
  44.557699      -35.265200
  44.489100      -35.278299
  44.443399      -35.304600
  44.347403      -35.351400
  44.267401      -35.358900
  44.189699      -35.366400
  44.132601      -35.358900
  44.093702      -35.345800
  44.009100      -35.291399
  43.920000      -35.280199
  43.780600      -35.268900
  43.686899      -35.287699
  43.618299      -35.300800
  43.538301      -35.323299
  43.469702      -35.330799
  43.442301      -35.306400
  43.494902      -35.259600
  43.522303      -35.227699
  43.497103      -35.161999
  43.488001      -35.113199
  43.485701      -35.068100
  43.508600      -35.032400
  43.542902      -35.006100
  43.540602      -34.977900
  43.513102      -34.968500
  43.467402      -34.959099
  43.437700      -34.955299
  43.408003      -34.951500
  43.387400      -34.957199
  43.382902      -34.974100
  43.348600      -35.049299
  43.353102      -35.060600
  43.366899      -35.100100
  43.369101      -35.133900
  43.355402      -35.165800
  43.321100      -35.180799
  43.286901      -35.197699
  43.245703      -35.186399
  43.186300      -35.152599
  43.149702      -35.122599
  43.145102      -35.045599
  43.195402      -35.019199
  43.250299      -35.000399
  43.280001      -34.990999
  43.328001      -34.940199
  43.373701      -34.908199
  43.405703      -34.872400
  43.437700      -34.819700
  43.396601      -34.791399
  43.369101      -34.793299
  43.318899      -34.829100
  43.273100      -34.829100
  43.211401      -34.793299
  43.170301      -34.797100
  43.108603      -34.780100
  43.049101      -34.764999
  42.996599      -34.774399
  42.996599      -34.742399
  42.987402      -34.725399
  42.966902      -34.719700
  42.930300      -34.723499
  42.912001      -34.721600
  42.925699      -34.680099
  42.953100      -34.640400
  42.982901      -34.591299
  42.969103      -34.527000
  42.955400      -34.492899
  42.976000      -34.438000
  43.008001      -34.402000
  43.051401      -34.360300
  43.092600      -34.341400
  43.138300      -34.303400
  43.200003      -34.273100
  43.225100      -34.254099
  43.216002      -34.202900
  43.184000      -34.159199
  43.147402      -34.104000
  43.120001      -34.069799
  43.058302      -34.020300
  42.998899      -33.966999
  42.964602      -33.953699
  42.907400      -33.936499
  42.834299      -33.885099
  42.777102      -33.844999
  42.745100      -33.782099
  42.733702      -33.734400
  42.729101      -33.656000
  42.740602      -33.600599
  42.754301      -33.495300
  42.784002      -33.349600
  42.802301      -33.299700
  42.820601      -33.232500
  42.838900      -33.155699
  42.866301      -33.098000
  42.884600      -33.018999
  42.905100      -32.957399
  42.944002      -32.857100
  42.944002      -32.745199
  42.946302      -32.640800
  42.907400      -32.574999
  42.898302      -32.516899
  42.884600      -32.451099
  42.937101      -32.385199
  43.010302      -32.295900
  43.044600      -32.177399
  43.056002      -32.068499
  43.046900      -31.961300
  43.014902      -31.887299
  42.950899      -31.807299
  42.879999      -31.766300
  42.804602      -31.742800
  42.756601      -31.715500
  42.699400      -31.652899
  42.667402      -31.592300
  42.672003      -31.541399
  42.692602      -31.504200
  42.724600      -31.469000
  42.763399      -31.429800
  42.786303      -31.400400
  42.786303      -31.363100
  42.786303      -31.310099
  42.779402      -31.266899
  42.788603      -31.206100
  42.804602      -31.153000
  42.841101      -31.066500
  42.870901      -31.005400
  42.898302      -30.952299
  42.937101      -30.871500
  42.950899      -30.851799
  42.996599      -30.784700
  43.010302      -30.687899
  43.024000      -30.640499
  43.049101      -30.597000
  43.051401      -30.555500
  43.053701      -30.517900
  43.051401      -30.484200
  43.074301      -30.412899
  43.087999      -30.355499
  43.108603      -30.299999
  43.147402      -30.242399
  43.174902      -30.170900
  43.232000      -30.109400
  43.275400      -30.063599
  43.325701      -30.013899
  43.394300      -29.948299
  43.462900      -29.894499
  43.522303      -29.838699
  43.545099      -29.784899
  43.563402      -29.701099
  43.581701      -29.643200
  43.593100      -29.619299
  43.613703      -29.587299
  43.613703      -29.531300
  43.602301      -29.523300
  43.565702      -29.505400
  43.538301      -29.481400
  43.538301      -29.435400
  43.545099      -29.401300
  43.558901      -29.355299
  43.568003      -29.301199
  43.558901      -29.279200
  43.579401      -29.226999
  43.609102      -29.196999
  43.638903      -29.186899
  43.659403      -29.168900
  43.668600      -29.138800
  43.698301      -29.114700
  43.744001      -29.088600
  43.782900      -29.078600
  43.812601      -29.082600
  43.842302      -29.104700
  43.872000      -29.146799
  43.853701      -29.209000
  43.856001      -29.233099
  43.883402      -29.237099
  43.904001      -29.216999
  43.926901      -29.196999
  43.942900      -29.148800
  43.981703      -29.128700
  44.016001      -29.074499
  44.041101      -29.026300
  44.059401      -28.972099
  44.070902      -28.952000
  44.059401      -28.903700
  44.048002      -28.835300
  44.020601      -28.772900
  44.004602      -28.726599
  44.009100      -28.690300
  44.036600      -28.662100
  44.066301      -28.643900
  44.096003      -28.613699
  44.123400      -28.585400
  44.098303      -28.543100
  44.064001      -28.510799
  44.038900      -28.486500
  44.018301      -28.456200
  44.029699      -28.409800
  44.050303      -28.385500
  44.070902      -28.359200
  44.093702      -28.324799
  44.102900      -28.304600
  44.107401      -28.298599
  44.100599      -28.235800
  44.064001      -28.187199
  44.036600      -28.171000
  43.995401      -28.158899
  43.954302      -28.144699
  43.906301      -28.112299
  43.913099      -28.077799
  43.926901      -28.045399
  43.929102      -27.992599
  43.968000      -27.941900
  44.004602      -27.887100
  44.034300      -27.838299
  44.086901      -27.809900
  44.146299      -27.767200
  44.214899      -27.714300
  44.249102      -27.665499
  44.276602      -27.612499
  44.315401      -27.524900
  44.320002      -27.435200
  44.292601      -27.337299
  44.258303      -27.251499
  44.244600      -27.167799
  44.256002      -27.040899
  44.251402      -27.038900
  44.240000      -26.942600
  44.221701      -26.844299
  44.233103      -26.848400
  44.226301      -26.805300
  44.217100      -26.778599
  44.210302      -26.733500
  44.208002      -26.690399
  44.217100      -26.647200
  44.226301      -26.612299
  44.340601      -26.579399
  44.507402      -26.563000
  44.710901      -26.505400
  44.877703      -26.462200
  45.078901      -26.447800
  45.257101      -26.406700
  45.449102      -26.375799
  45.620600      -26.344900
  45.645700      -26.299599
  45.769102      -26.278999
  46.006903      -26.248100
  46.160002      -26.237799
  46.308599      -26.229500
  46.509703      -26.171799
  46.731401      -26.095400
  46.937101      -26.017000
  47.133699      -25.965300
  47.355402      -25.907499
  47.558901      -25.841299
  47.732599      -25.781300
  47.819403      -25.760599
  47.826300      -25.802000
  47.835402      -25.882700
  47.830900      -25.959099
  47.812601      -26.000500
  47.787401      -26.076899
  47.748602      -26.167700
  47.750902      -26.268700
  47.766901      -26.330500
  47.773703      -26.338699
  47.787401      -26.435499
  47.833101      -26.503399
  47.865103      -26.563000
  47.899401      -26.636999
  47.917700      -26.702700
  47.926901      -26.747799
  47.897100      -26.790899
  47.830900      -26.864799
  47.782900      -26.930300
  47.753099      -26.979500
  47.728003      -27.026600
  47.725702      -27.079800
  47.760000      -27.132999
  47.814901      -27.147299
  47.851400      -27.132999
  47.888002      -27.092100
  47.920000      -27.069599
  47.961100      -27.055199
  48.022902      -27.057299
  48.061701      -27.067499
  48.112001      -27.090000
  48.166903      -27.124800
  48.198900      -27.159599
  48.228601      -27.202499
  48.276602      -27.261700
  48.313101      -27.312799
  48.340601      -27.369999
  48.361101      -27.418900
  48.397699      -27.441399
  48.466299      -27.461700
  48.534903      -27.463800
  48.580603      -27.457699
  48.633101      -27.451599
  48.681101      -27.461700
  48.704000      -27.476000
  48.697100      -27.506599
  48.719999      -27.557499
  48.715403      -27.600300
  48.715403      -27.649200
  48.724600      -27.681700
  48.719999      -27.702099
  48.777102      -27.728500
  48.822901      -27.750900
  48.850302      -27.750900
  48.893702      -27.748899
  48.966902      -27.748899
  49.019400      -27.761099
  49.060602      -27.769199
  49.108603      -27.781399
  49.131399      -27.789499
  49.174902      -27.813900
  49.206900      -27.870800
  49.216002      -27.913500
  49.245703      -27.978399
  49.259401      -28.012899
  49.268602      -28.027100
  49.289103      -28.029100
  49.318899      -28.029100
  49.355402      -28.025099
  49.405703      -28.029100
  49.424002      -28.037300
  49.440001      -28.043299
  49.492601      -28.067699
  49.499399      -28.108200
  49.497103      -28.146700
  49.497103      -28.177099
  49.485701      -28.241899
  49.472002      -28.282400
  49.476603      -28.306599
  49.485701      -28.332899
  49.481100      -28.353199
  49.458300      -28.373400
  49.437700      -28.468300
  49.408003      -28.522900
  49.389700      -28.591499
  49.392000      -28.635899
  49.401102      -28.676199
  49.403402      -28.720499
  49.396601      -28.782999
  49.362303      -28.813200
  49.334902      -28.839300
  49.300600      -28.863499
  49.247999      -28.943899
  49.222902      -28.994200
  49.184000      -29.076599
  49.161100      -29.114700
  49.136000      -29.148800
  49.124601      -29.195000
  49.094900      -29.261099
  49.058302      -29.335300
  49.017099      -29.389299
  48.960001      -29.483400
  48.914301      -29.545300
  48.843401      -29.621300
  48.802301      -29.627300
  48.635401      -29.707100
  48.516600      -29.744999
  48.384001      -29.808800
  48.336000      -29.834700
  48.276602      -29.894499
  48.242300      -29.938299
  48.187403      -30.000000
  48.123400      -30.059700
  48.100599      -30.123299
  48.073099      -30.192799
  48.057100      -30.270199
  48.038900      -30.363400
  48.050303      -30.454500
  48.052603      -30.511900
  48.027399      -30.604900
  48.004602      -30.680000
  47.936003      -30.782700
  47.878901      -30.853699
  47.826300      -30.903000
  47.753099      -30.922699
  47.654902      -30.954300
  47.627401      -30.966099
  47.531401      -31.005400
  47.437700      -31.040899
  47.325701      -31.072399
  47.261702      -31.131399
  47.202299      -31.188400
  47.165701      -31.221800
  47.136000      -31.255199
  47.099401      -31.290499
  47.030901      -31.380699
  46.994303      -31.427799
  46.976000      -31.486599
  46.971399      -31.529699
  46.966902      -31.600100
  46.953100      -31.670500
  46.971399      -31.701799
  46.998899      -31.766300
  47.026300      -31.830700
  47.044600      -31.873600
  47.060602      -31.918499
  47.090300      -31.951599
  47.147402      -31.973000
  47.220602      -31.978899
  47.257101      -31.988600
  47.348600      -31.990599
  47.376001      -32.011999
  47.417101      -32.043100
  47.458300      -32.037300
  47.524599      -32.019800
  47.577101      -32.015900
  47.629702      -32.015900
  47.668600      -32.025600
  47.712000      -32.058699
  47.734900      -32.086000
  47.755400      -32.118999
  47.757700      -32.132700
  47.803400      -32.194899
  47.826300      -32.237600
  47.892599      -32.295900
  47.958902      -32.332800
  48.009100      -32.392900
  48.034300      -32.441399
  48.038900      -32.513100
  48.032000      -32.549900
  48.034300      -32.600199
  48.025103      -32.656300
  47.983999      -32.708500
  47.933702      -32.756800
  47.906301      -32.787699
  47.849100      -32.828199
  47.769102      -32.901499
  47.707399      -32.970900
  47.648001      -33.038300
  47.597700      -33.094099
  47.561102      -33.138399
  47.524599      -33.174900
  47.497103      -33.222900
  47.488001      -33.288200
  47.469702      -33.374599
  47.460600      -33.432100
  47.451403      -33.520199
  47.442301      -33.570000
  47.426302      -33.682800
  47.442301      -33.753500
  47.469702      -33.837400
  47.476603      -33.944199
  47.501699      -34.024099
  47.510900      -34.069799
  47.522303      -34.142099
  47.529100      -34.225599
  47.529100      -34.292099
  47.533701      -34.369799
  47.540602      -34.422899
  47.547400      -34.453199
  47.568003      -34.502399
  47.574900      -34.525099
  47.556601      -34.549700
  47.504000      -34.559099
  47.485701      -34.547800
  47.451403      -34.521299
  47.394300      -34.523199
  47.328001      -34.551600
  47.264002      -34.577999
  47.202299      -34.621500
  47.097101      -34.681999
  47.028601      -34.708399
  46.937101      -34.770700
  46.932600      -34.774399
  46.873102      -34.815899
  46.818300      -34.906300
  46.774900      -34.970299
  46.713102      -35.032400
  46.635401      -35.148899
  46.617102      -35.212700
  46.580603      -35.274599
  46.566900      -35.338299
  46.516600      -35.430000
  46.480001      -35.484200
  46.418303      -35.521599
  46.393103      -35.515999
  46.372602      -35.499199
  46.350443      -35.482756
>