>anchorPlateId 0
>reconstructionTime 0
>Ontong.gpml Hess.gpml broken_ridge.gpml centralKerguelen.gpml northKerguelen.gpml Manihiki.gpml Africa.gpml Shatsky.gpml elan.gpml madagascar.gpml southernKerguelen.gpml conrad.gpml Agrentine.gpml iceland.gpml Hikurangi2.gpml delCano.gpml Hikurangi.gpml antarctic.gpml MendelevRidge2.gpml MendelevRidge.gpml chagon.gpml
>
>LargeIgneousProvince <identity>GPlates-131eacd0-b06b-4de4-962f-8ff5803ec642</identity> <revision>GPlates-c385c95c-efcb-4557-baa6-f45e46b9d0d5</revision>
> name MANIHIKI
> description 
> shapefileAttributes KeyValueDictionary ( PLATEID1,  982) ( TYPE,  VP) ( FROMAGE,  120) ( TOAGE,  0) ( NAME,  MANIHIKI) ( DESCR,  ) ( GPGIM_TYPE,  gpml:LargeIgneousProvince) ( FEATURE_ID,  GPlates-6f38fb7c-f6e4-40ef-a81d-1d2d0033a3d4) ( REF,  EarthByte Database) ( PLATEID2,  0) ( RECON_METH,  ) ( L_PLATE,  0) ( R_PLATE,  0) ( SPREAD_ASY,  0) ( IMPORT_AGE,  0)
> validTime TimePeriod <begin> TimeInstant <timePosition>120</timePosition></begin> <end> TimeInstant <timePosition>0</timePosition></end>
> reconstructionPlateId 982
> geometryImportTime TimeInstant <timePosition>0</timePosition>
> conjugatePlateId 0
> leftPlate 0
> rightPlate 0
> spreadingAsymmetry 0
  -165.737999      -3.176600
  -165.681099      -3.238400
  -165.603600      -3.279600
  -165.546700      -3.336899
  -165.510300      -3.368900
  -165.478399      -3.403200
  -165.439600      -3.453600
  -165.387199      -3.515400
  -165.337099      -3.556599
  -165.257399      -3.600100
  -165.175400      -3.609200
  -165.141199      -3.607000
  -165.086599      -3.607000
  -165.045599      -3.618399
  -164.988600      -3.629799
  -164.929399      -3.641300
  -164.829199      -3.696199
  -164.801800      -3.712200
  -164.744900      -3.748800
  -164.701599      -3.760300
  -164.669699      -3.776300
  -164.615000      -3.799200
  -164.585400      -3.810600
  -164.564899      -3.808300
  -164.573999      -3.785400
  -164.601400      -3.730499
  -164.640099      -3.680199
  -164.667400      -3.604700
  -164.671999      -3.586399
  -164.669699      -3.535999
  -164.665100      -3.520000
  -164.660599      -3.487900
  -164.696999      -3.428400
  -164.719799      -3.419300
  -164.774500      -3.437599
  -164.836000      -3.481100
  -164.863300      -3.497099
  -164.908899      -3.508499
  -164.945299      -3.492500
  -164.979500      -3.446699
  -164.977200      -3.405500
  -164.933899      -3.380299
  -164.915699      -3.334600
  -164.929399      -3.261299
  -164.902100      -3.245300
  -164.845100      -3.281900
  -164.788099      -3.293400
  -164.756300      -3.281900
  -164.758499      -3.258999
  -164.769899      -3.213200
  -164.724400      -3.190300
  -164.667400      -3.226999
  -164.578600      -3.295700
  -164.378099      -3.435299
  -164.277899      -3.487900
  -164.141199      -3.588600
  -164.029600      -3.654999
  -163.938499      -3.735100
  -163.778999      -3.801500
  -163.646900      -3.890699
  -163.564899      -3.938700
  -163.444199      -4.018799
  -163.362200      -4.108000
  -163.261999      -4.183500
  -163.195900      -4.247499
  -163.059200      -4.329899
  -163.015900      -4.341299
  -162.870199      -4.430500
  -162.772200      -4.483000
  -162.674299      -4.537899
  -162.580900      -4.590500
  -162.544399      -4.613300
  -162.480600      -4.638500
  -162.371300      -4.754999
  -162.286999      -4.876099
  -162.209600      -4.951500
  -162.113899      -4.983500
  -162.025099      -4.988100
  -161.908899      -4.981199
  -161.822300      -4.974400
  -161.758499      -5.010899
  -161.749399      -5.074900
  -161.778999      -5.157099
  -161.831400      -5.209600
  -161.881500      -5.248499
  -161.961300      -5.339800
  -162.015900      -5.360300
  -162.075199      -5.383200
  -162.154900      -5.433399
  -162.195900      -5.488199
  -162.170799      -5.556599
  -162.116199      -5.629700
  -162.095699      -5.716400
  -162.127600      -5.782499
  -162.173100      -5.750599
  -162.250599      -5.736900
  -162.298399      -5.752899
  -162.339399      -5.805399
  -162.400900      -5.837299
  -162.466999      -5.844099
  -162.528500      -5.862400
  -162.523899      -5.905699
  -162.501099      -6.028900
  -162.482899      -6.115499
  -162.451000      -6.220400
  -162.400900      -6.291100
  -162.337099      -6.341200
  -162.309799      -6.359400
  -162.261999      -6.373100
  -162.198200      -6.379900
  -162.111599      -6.423199
  -162.059200      -6.450600
  -161.977200      -6.464300
  -161.842800      -6.498400
  -161.694799      -6.557699
  -161.640099      -6.584999
  -161.585400      -6.632799
  -161.546700      -6.694300
  -161.510300      -6.678400
  -161.441900      -6.614599
  -161.414600      -6.573599
  -161.398600      -6.543999
  -161.439600      -6.466499
  -161.553499      -6.443699
  -161.610500      -6.407299
  -161.681099      -6.343500
  -161.749399      -6.323000
  -161.829199      -6.316099
  -161.929399      -6.304699
  -162.018200      -6.293299
  -162.107100      -6.270599
  -162.170799      -6.231800
  -162.214100      -6.204399
  -162.236900      -6.165699
  -162.252800      -6.094999
  -162.234600      -6.015200
  -162.211800      -5.933100
  -162.138899      -5.880600
  -162.043299      -5.860100
  -161.981800      -5.839600
  -161.908899      -5.825899
  -161.836000      -5.846399
  -161.804100      -5.866999
  -161.776800      -5.889799
  -161.767700      -5.969599
  -161.774500      -6.111000
  -161.763100      -6.154299
  -161.696999      -6.181599
  -161.624100      -6.234100
  -161.537600      -6.302500
  -161.476099      -6.357199
  -161.430500      -6.391300
  -161.364500      -6.430099
  -161.300699      -6.480200
  -161.232300      -6.516699
  -161.159500      -6.546299
  -161.075199      -6.584999
  -161.056900      -6.635099
  -161.052399      -6.680700
  -161.113899      -6.705700
  -161.202700      -6.682899
  -161.230099      -6.691999
  -161.159500      -6.748999
  -161.161699      -6.748999
  -161.077499      -6.808199
  -161.036400      -6.849199
  -160.963499      -6.896999
  -160.870199      -6.944799
  -160.792700      -6.972099
  -160.671999      -7.035799
  -160.612799      -7.088100
  -160.560400      -7.145000
  -160.478399      -7.233799
  -160.439600      -7.286100
  -160.389500      -7.342899
  -160.314299      -7.379299
  -160.243700      -7.381599
  -160.138899      -7.372499
  -160.127600      -7.370199
  -160.047800      -7.372499
  -159.981800      -7.390699
  -159.949900      -7.440699
  -159.917999      -7.506599
  -159.881500      -7.579399
  -159.856499      -7.704399
  -159.817799      -7.806599
  -159.781300      -7.897499
  -159.733500      -7.988300
  -159.674299      -8.029200
  -159.651499      -8.060999
  -159.542099      -8.144899
  -159.453300      -8.222099
  -159.398600      -8.244799
  -159.339399      -8.315199
  -159.330299      -8.383200
  -159.373600      -8.462599
  -159.416899      -8.464899
  -159.501099      -8.428600
  -159.583099      -8.349199
  -159.633299      -8.317400
  -159.692499      -8.287899
  -159.747099      -8.274300
  -159.765400      -8.335600
  -159.776800      -8.337799
  -159.845100      -8.346899
  -159.854200      -8.426300
  -159.838299      -8.521599
  -159.817799      -8.625799
  -159.806400      -8.641699
  -159.726700      -8.675699
  -159.642399      -8.725599
  -159.583099      -8.770899
  -159.523899      -8.827499
  -159.514799      -8.836599
  -159.501099      -8.904600
  -159.535299      -9.013300
  -159.585400      -9.081200
  -159.599100      -9.128799
  -159.608200      -9.210300
  -159.603600      -9.345999
  -159.560400      -9.402599
  -159.523899      -9.468199
  -159.473799      -9.549599
  -159.410000      -9.576700
  -159.362200      -9.628700
  -159.350800      -9.676199
  -159.348499      -9.829800
  -159.357599      -9.872799
  -159.387199      -9.969900
  -159.419100      -10.024099
  -159.496599      -10.057899
  -159.587700      -10.100800
  -159.687899      -10.139200
  -159.810900      -10.193300
  -159.858799      -10.321899
  -159.863300      -10.473000
  -159.867899      -10.572199
  -159.790400      -10.655600
  -159.726700      -10.705200
  -159.653700      -10.734499
  -159.612799      -10.790800
  -159.601400      -10.932600
  -159.626400      -11.036100
  -159.671999      -11.121599
  -159.735800      -11.238600
  -159.795000      -11.357700
  -159.808699      -11.378000
  -159.813200      -11.413900
  -159.790400      -11.591400
  -159.788099      -11.719400
  -159.836000      -11.755299
  -159.888399      -11.771000
  -159.947599      -11.800200
  -160.015900      -11.862999
  -160.047800      -11.894400
  -160.066099      -12.008799
  -160.095699      -12.040199
  -160.148100      -11.975199
  -160.175400      -11.865299
  -160.184500      -11.874199
  -160.230099      -11.968500
  -160.277899      -12.004299
  -160.357599      -12.026800
  -160.405500      -11.903400
  -160.357599      -11.741800
  -160.312099      -11.555500
  -160.264200      -11.389200
  -160.230099      -11.238600
  -160.282499      -11.207100
  -160.389500      -11.283600
  -160.439600      -11.438700
  -160.491999      -11.665499
  -160.478399      -11.735100
  -160.469200      -11.811399
  -160.471500      -11.941500
  -160.457899      -12.109699
  -160.455599      -12.152300
  -160.441900      -12.269300
  -160.430500      -12.387999
  -160.419100      -12.495499
  -160.410000      -12.625299
  -160.430500      -12.779600
  -160.462400      -12.889099
  -160.491999      -12.965099
  -160.521599      -13.070099
  -160.555799      -13.188400
  -160.601400      -13.311100
  -160.726700      -13.467199
  -160.760799      -13.621000
  -160.804100      -13.734600
  -160.845100      -13.881500
  -160.888399      -14.092899
  -160.949900      -14.248400
  -160.986300      -14.370600
  -161.043299      -14.481600
  -161.086599      -14.497200
  -161.109299      -14.428299
  -161.072899      -14.290699
  -161.066099      -14.179600
  -161.054699      -14.070599
  -161.022800      -13.937199
  -160.990900      -13.814800
  -160.940800      -13.685600
  -160.906599      -13.603199
  -160.861099      -13.527399
  -160.829199      -13.496199
  -160.797300      -13.453899
  -160.769899      -13.369099
  -160.826899      -13.431599
  -160.913399      -13.563099
  -160.933899      -13.605400
  -160.993200      -13.701199
  -161.061499      -13.832600
  -161.136700      -13.919399
  -161.200499      -13.955000
  -161.286999      -13.952700
  -161.316599      -13.881500
  -161.318899      -13.839300
  -161.378099      -13.881500
  -161.407700      -13.917099
  -161.453300      -13.992800
  -161.512499      -14.077299
  -161.558100      -14.119499
  -161.603600      -14.199600
  -161.635500      -14.277300
  -161.649200      -14.366199
  -161.656000      -14.379499
  -161.733500      -14.494900
  -161.740299      -14.594799
  -161.758499      -14.721199
  -161.783600      -14.829800
  -161.840500      -14.843100
  -161.938499      -14.869699
  -161.988600      -14.900700
  -162.097900      -14.920599
  -162.168600      -14.905100
  -162.234600      -14.869699
  -162.337099      -14.869699
  -162.405500      -14.942799
  -162.473799      -15.009199
  -162.587700      -15.009199
  -162.617300      -14.938400
  -162.640099      -14.851999
  -162.630999      -14.770000
  -162.637800      -14.679100
  -162.678799      -14.610300
  -162.747099      -14.503799
  -162.804100      -14.392799
  -162.836000      -14.290699
  -162.870199      -14.221800
  -162.911200      -14.121799
  -162.917999      -14.108400
  -162.993200      -13.990599
  -163.127600      -13.928299
  -163.207300      -13.859299
  -163.273300      -13.812500
  -163.337099      -13.772499
  -163.430500      -13.698999
  -163.578600      -13.580900
  -163.635500      -13.518499
  -163.692499      -13.469500
  -163.756300      -13.429300
  -163.822300      -13.380299
  -163.851900      -13.302200
  -163.836000      -13.248600
  -163.801800      -13.172800
  -163.785900      -13.179499
  -163.726700      -13.199499
  -163.671999      -13.188400
  -163.683399      -13.132599
  -163.742599      -13.027599
  -163.785900      -12.891300
  -163.845100      -12.815300
  -163.902100      -12.719200
  -163.963499      -12.649900
  -164.059200      -12.544699
  -164.164000      -12.479799
  -164.266500      -12.428299
  -164.400900      -12.428299
  -164.571699      -12.434999
  -164.690199      -12.417099
  -164.842800      -12.374599
  -164.915699      -12.331999
  -165.038700      -12.253599
  -165.177700      -12.150099
  -165.202700      -12.141100
  -165.268799      -12.098499
  -165.332600      -12.026800
  -165.419100      -11.905699
  -165.532999      -11.793499
  -165.562599      -11.755299
  -165.569500      -11.746300
  -165.624100      -11.694700
  -165.644699      -11.566700
  -165.667400      -11.476900
  -165.665100      -11.420700
  -165.699299      -11.411699
  -165.715300      -11.427399
  -165.719799      -11.524000
  -165.687899      -11.656500
  -165.656000      -11.737400
  -165.676500      -11.824900
  -165.751699      -11.833900
  -165.792700      -11.820400
  -165.851900      -11.755299
  -165.895199      -11.593700
  -165.922499      -11.557699
  -165.947599      -11.492599
  -165.970400      -11.368999
  -166.018200      -11.225100
  -166.041000      -11.186899
  -166.061499      -11.130600
  -166.143499      -11.083399
  -166.234600      -11.011400
  -166.302999      -10.946100
  -166.346199      -10.901100
  -166.398600      -10.815500
  -166.480600      -10.775000
  -166.612799      -10.747999
  -166.728899      -10.784000
  -166.861099      -10.840300
  -167.002300      -10.896599
  -167.107100      -10.910099
  -167.186800      -10.995600
  -167.243700      -11.137400
  -167.248299      -11.191399
  -167.227800      -11.285799
  -167.211800      -11.321800
  -167.161699      -11.396000
  -167.100199      -11.456600
  -167.045599      -11.506100
  -167.043299      -11.575699
  -167.111599      -11.593700
  -167.191299      -11.544300
  -167.266500      -11.467899
  -167.316599      -11.366699
  -167.353100      -11.292599
  -167.398600      -11.227299
  -167.412300      -11.164400
  -167.432800      -11.078899
  -167.421400      -11.011400
  -167.362200      -10.948399
  -167.289299      -10.887600
  -167.312099      -10.851599
  -167.419100      -10.883099
  -167.473799      -10.943899
  -167.528500      -11.013599
  -167.564899      -11.090099
  -167.706100      -11.108099
  -167.815500      -11.067600
  -167.924799      -10.961899
  -168.047800      -10.867300
  -168.205000      -10.772699
  -168.300699      -10.720900
  -168.368999      -10.687099
  -168.441900      -10.664600
  -168.446499      -10.732199
  -168.428299      -10.824499
  -168.462400      -10.883099
  -168.523899      -10.934900
  -168.498899      -10.995600
  -168.421400      -11.015900
  -168.293900      -11.065399
  -168.157200      -11.108099
  -168.036400      -11.191399
  -167.943100      -11.274599
  -167.874699      -11.355499
  -167.876999      -11.422899
  -168.009100      -11.407200
  -168.075199      -11.341999
  -168.164000      -11.274599
  -168.271099      -11.218300
  -168.291599      -11.209400
  -168.460100      -11.153099
  -168.562599      -11.081100
  -168.671999      -11.042900
  -168.781300      -11.011400
  -168.904299      -11.029400
  -169.031900      -11.067600
  -169.125299      -11.087900
  -169.200499      -11.038399
  -169.209600      -11.018099
  -169.255100      -10.892099
  -169.302999      -10.822300
  -169.325699      -10.729900
  -169.334900      -10.637600
  -169.286999      -10.581200
  -169.225500      -10.518099
  -169.177700      -10.466299
  -169.166300      -10.400900
  -169.218700      -10.351299
  -169.302999      -10.391899
  -169.389500      -10.459499
  -169.517099      -10.556400
  -169.587700      -10.590200
  -169.671999      -10.619499
  -169.733500      -10.619499
  -169.849699      -10.628599
  -169.947599      -10.619499
  -170.025099      -10.605999
  -170.066099      -10.572199
  -170.063799      -10.522600
  -170.004499      -10.488800
  -169.965799      -10.463999
  -169.904299      -10.443699
  -169.861099      -10.430199
  -169.778999      -10.400900
  -169.722099      -10.382799
  -169.674299      -10.362499
  -169.644699      -10.344500
  -169.542099      -10.306200
  -169.487499      -10.299400
  -169.412300      -10.279100
  -169.282499      -10.254299
  -169.230099      -10.215900
  -169.122999      -10.141399
  -169.018200      -10.089500
  -168.970400      -10.060200
  -168.931700      -10.014999
  -168.911200      -9.956299
  -168.890699      -9.913399
  -168.874699      -9.856899
  -168.845100      -9.807199
  -168.824600      -9.764299
  -168.792700      -9.732700
  -168.740299      -9.646799
  -168.740299      -9.633200
  -168.776800      -9.576700
  -168.801800      -9.483999
  -168.797300      -9.418400
  -168.842800      -9.359600
  -168.845100      -9.293999
  -168.778999      -9.237400
  -168.722099      -9.203499
  -168.651499      -9.167200
  -168.608200      -9.135599
  -168.546700      -9.101599
  -168.530699      -9.074400
  -168.624100      -9.085699
  -168.690199      -9.092499
  -168.740299      -9.122000
  -168.808699      -9.135599
  -168.890699      -9.122000
  -168.902100      -9.058599
  -168.879299      -8.999699
  -168.858799      -8.961199
  -168.822300      -8.890999
  -168.783600      -8.779999
  -168.769899      -8.752800
  -168.722099      -8.682499
  -168.656000      -8.589600
  -168.642399      -8.494299
  -168.621899      -8.387699
  -168.642399      -8.376400
  -168.649200      -8.380899
  -168.681099      -8.417200
  -168.694799      -8.428600
  -168.710699      -8.371899
  -168.701599      -8.342400
  -168.696999      -8.312899
  -168.712999      -8.253899
  -168.717499      -8.235699
  -168.715300      -8.201700
  -168.701599      -8.163099
  -168.653700      -8.153999
  -168.612799      -8.210800
  -168.567200      -8.224400
  -168.530699      -8.215300
  -168.423700      -8.104099
  -168.362200      -7.974699
  -168.325699      -7.929300
  -168.257399      -7.883799
  -168.198200      -7.836100
  -168.125299      -7.733900
  -168.093399      -7.679399
  -168.056900      -7.636200
  -168.015900      -7.593000
  -167.965799      -7.520300
  -167.917999      -7.465700
  -167.897499      -7.438400
  -167.861099      -7.376999
  -167.831400      -7.340599
  -167.804100      -7.308800
  -167.760799      -7.265600
  -167.706100      -7.222399
  -167.676500      -7.206499
  -167.628700      -7.167799
  -167.603600      -7.147299
  -167.567200      -7.104099
  -167.501099      -7.040400
  -167.460100      -7.012999
  -167.400900      -6.987999
  -167.375900      -6.967499
  -167.357599      -6.942499
  -167.348499      -6.917500
  -167.289299      -6.919699
  -167.257399      -6.908400
  -167.218700      -6.885599
  -167.216400      -6.885599
  -167.159500      -6.865099
  -167.152599      -6.824099
  -167.132099      -6.744400
  -167.120699      -6.710300
  -167.104799      -6.682899
  -167.068300      -6.676100
  -167.013699      -6.710300
  -167.006800      -6.753500
  -167.000000      -6.794500
  -167.004499      -6.853699
  -167.025099      -6.910599
  -167.084299      -6.967499
  -167.166300      -7.022200
  -167.220900      -7.056299
  -167.286999      -7.104099
  -167.334900      -7.140499
  -167.412300      -7.183699
  -167.455599      -7.199600
  -167.505699      -7.226900
  -167.571699      -7.270100
  -167.599100      -7.306499
  -167.542099      -7.302000
  -167.491999      -7.308800
  -167.464699      -7.336100
  -167.437300      -7.393000
  -167.405500      -7.397499
  -167.341700      -7.379299
  -167.275600      -7.342899
  -167.230099      -7.324699
  -167.173100      -7.299700
  -167.113899      -7.274700
  -167.050100      -7.249699
  -167.011400      -7.222399
  -166.947599      -7.190500
  -166.917999      -7.170099
  -166.876999      -7.145000
  -166.867899      -7.083599
  -166.874699      -7.012999
  -166.879299      -6.935699
  -166.888399      -6.867399
  -166.899799      -6.835499
  -166.908899      -6.767200
  -166.922499      -6.717100
  -166.933899      -6.655600
  -166.936199      -6.575899
  -166.933899      -6.548599
  -166.911200      -6.482500
  -166.879299      -6.448299
  -166.883799      -6.409599
  -166.895199      -6.350300
  -166.952200      -6.295599
  -167.002300      -6.202200
  -167.015900      -6.161100
  -167.006800      -6.122400
  -166.961300      -6.108700
  -166.933899      -6.122400
  -166.897499      -6.126900
  -166.876999      -6.085899
  -166.886099      -6.021999
  -166.890699      -5.971899
  -166.888399      -5.939899
  -166.895199      -5.887499
  -166.897499      -5.830500
  -166.886099      -5.768900
  -166.856499      -5.723200
  -166.788099      -5.700399
  -166.726700      -5.677599
  -166.722099      -5.675299
  -166.674299      -5.629700
  -166.621899      -5.520100
  -166.621899      -5.490499
  -166.626400      -5.435699
  -166.642399      -5.319199
  -166.646900      -5.282700
  -166.644699      -5.253000
  -166.601400      -5.246199
  -166.580900      -5.250700
  -166.532999      -5.275900
  -166.498899      -5.296400
  -166.446499      -5.314699
  -166.425999      -5.316999
  -166.387199      -5.321499
  -166.350800      -5.323799
  -166.321199      -5.319199
  -166.289299      -5.296400
  -166.298399      -5.241600
  -166.309799      -5.200499
  -166.312099      -5.093199
  -166.325699      -5.040600
  -166.341700      -5.015499
  -166.346199      -4.981199
  -166.368999      -4.919500
  -166.380400      -4.871599
  -166.385000      -4.819000
  -166.405500      -4.775600
  -166.430500      -4.743599
  -166.432800      -4.693300
  -166.355299      -4.668200
  -166.291599      -4.636200
  -166.243700      -4.620199
  -166.205000      -4.592800
  -166.159500      -4.535599
  -166.127600      -4.496700
  -166.120699      -4.421299
  -166.125299      -4.357300
  -166.118500      -4.279499
  -166.113899      -4.222399
  -166.091099      -4.199499
  -166.047800      -4.224699
  -166.018200      -4.229200
  -166.025099      -4.114899
  -166.052399      -4.048500
  -166.093399      -4.018799
  -166.152599      -3.918200
  -166.168600      -3.854099
  -166.186800      -3.808300
  -166.243700      -3.735100
  -166.266500      -3.689299
  -166.298399      -3.643600
  -166.353100      -3.581800
  -166.387199      -3.556599
  -166.421400      -3.535999
  -166.498899      -3.469599
  -166.532999      -3.417000
  -166.562599      -3.297899
  -166.558100      -3.238400
  -166.553499      -3.233799
  -166.510300      -3.185699
  -166.428299      -3.169699
  -166.380400      -3.217800
  -166.312099      -3.268200
  -166.268799      -3.309399
  -166.250599      -3.327700
  -166.191299      -3.380299
  -166.159500      -3.423800
  -166.132099      -3.471899
  -166.056900      -3.490200
  -166.013699      -3.458200
  -166.043299      -3.410099
  -166.111599      -3.350599
  -166.138899      -3.320799
  -166.186800      -3.252199
  -166.232300      -3.190300
  -166.232300      -3.192600
  -166.241499      -3.158300
  -166.248299      -3.121599
  -166.252800      -3.052900
  -166.230099      -3.009399
  -166.157200      -2.970499
  -166.072899      -2.949900
  -166.015900      -2.986500
  -165.963499      -3.039200
  -165.911200      -3.069000
  -165.908899      -3.084999
  -165.865599      -3.107899
  -165.795000      -3.146799
  -165.737999      -3.176600
>