>anchorPlateId 0
>reconstructionTime 0
>
>
>LargeIgneousProvince <identity>GPlates-7ea0478a-c890-400e-8848-8273c30058d1</identity> <revision>GPlates-1e5bf458-a01d-4215-be72-acaad6d53e4a</revision>
> name Mariana_Basin
> description Pacific
> shapefileAttributes KeyValueDictionary ( PLATEID1,  901) ( FROMAGE,  115) ( TOAGE,  -999) ( NAME,  Mariana_Basin) ( DESCR,  Pacific) ( MatlabAr,  342169) ( AgeRef,  Pringle_1982_ODPSciRep) ( AgeMethod,  Ar/Ar) ( PBType,  MOR) ( Dist2PB,  2234) ( GPGIM_TYPE,  gpml:LargeIgneousProvince) ( FEATURE_ID,  GPlates-3e6ccd7c-f353-4d66-8c8f-26154741c98b) ( TYPE,  VP) ( IMPORT_AGE,  0) ( PLATEID2,  0) ( RECON_METH,  ) ( L_PLATE,  0) ( R_PLATE,  0) ( SPREAD_ASY,  0)
> validTime TimePeriod <begin> TimeInstant <timePosition>115</timePosition></begin> <end> TimeInstant <timePosition>http://gplates.org/times/distantFuture</timePosition></end>
> reconstructionPlateId 901
> geometryImportTime TimeInstant <timePosition>0</timePosition>
> conjugatePlateId 0
> leftPlate 0
> rightPlate 0
> spreadingAsymmetry 0
  153.953333       8.602541
  153.804300       8.486902
  153.675150       8.576803
  153.546000       8.666700
  153.483812       8.847773
  153.421621       9.028841
  153.359430       9.209909
  153.297239       9.390982
  153.235052       9.572050
  153.172861       9.753122
  153.110670       9.934191
  153.048483      10.115259
  152.986292      10.296331
  152.924101      10.477400
  152.790449      10.612925
  152.656794      10.748446
  152.523142      10.883970
  152.389486      11.019495
  152.255835      11.155016
  152.122179      11.290541
  151.988523      11.426065
  151.854872      11.561586
  151.721216      11.697111
  151.587564      11.832632
  151.453909      11.968157
  151.320257      12.103682
  151.186602      12.239202
  151.026567      12.328535
  150.866533      12.417868
  150.706499      12.507200
  150.519678      12.520994
  150.332857      12.534788
  150.146036      12.548578
  149.959215      12.562372
  149.772394      12.576166
  149.585573      12.589960
  149.398752      12.603750
  149.211931      12.617544
  149.025110      12.631338
  148.838289      12.645128
  148.651464      12.658922
  148.464643      12.672716
  148.277822      12.686510
  148.091002      12.700300
  148.045252      12.815851
  147.999502      12.931402
  148.060102      13.059153
  148.120703      13.186899
  148.280340      13.306417
  148.439974      13.425936
  148.599607      13.545454
  148.759245      13.664972
  148.918879      13.784491
  149.078516      13.904009
  149.238150      14.023523
  149.397787      14.143042
  149.557421      14.262560
  149.717054      14.382078
  149.876692      14.501596
  150.036325      14.621115
  150.195963      14.740633
  150.355597      14.860151
  150.515230      14.979666
  150.674868      15.099184
  150.834501      15.218702
  151.027826      15.201208
  151.221151      15.183718
  151.414476      15.166224
  151.607801      15.148729
  151.801126      15.131235
  151.994452      15.113741
  152.187777      15.096247
  152.381102      15.078753
  152.574427      15.061258
  152.767752      15.043768
  152.961077      15.026274
  153.154402      15.008780
  153.347727      14.991285
  153.541052      14.973791
  153.734377      14.956297
  153.927702      14.938803
  154.100702      14.884905
  154.273703      14.831003
  154.446703      14.777102
  154.619703      14.723204
  154.792704      14.669302
  154.965704      14.615400
  155.138700      14.561502
  155.311701      14.507601
  155.484701      14.453699
  155.530554      14.266951
  155.576403      14.080198
  155.622252      13.893450
  155.668100      13.706701
  155.713953      13.519949
  155.759802      13.333200
  155.805651      13.146452
  155.851500      12.959700
  155.897352      12.772951
  155.943201      12.586199
  155.989050      12.399450
  156.034903      12.212702
  156.080751      12.025949
  156.126600      11.839201
  156.172449      11.652449
  156.218302      11.465700
  156.264151      11.278952
  156.309999      11.092199
  156.279703      10.903425
  156.249403      10.714651
  156.219103      10.525877
  156.188803      10.337099
  156.039774      10.221464
  155.890741      10.105825
  155.741709       9.990187
  155.592680       9.874552
  155.443647       9.758913
  155.294615       9.643278
  155.145582       9.527639
  154.996553       9.412001
  154.847521       9.296366
  154.698488       9.180727
  154.549459       9.065088
  154.400427       8.949453
  154.251394       8.833815
  154.102365       8.718180
  153.953333       8.602541
>