>anchorPlateId 0
>reconstructionTime 0
>Ontong.gpml Hess.gpml broken_ridge.gpml centralKerguelen.gpml northKerguelen.gpml Manihiki.gpml Africa.gpml Shatsky.gpml elan.gpml madagascar.gpml southernKerguelen.gpml conrad.gpml Agrentine.gpml iceland.gpml Hikurangi2.gpml delCano.gpml Hikurangi.gpml antarctic.gpml MendelevRidge2.gpml MendelevRidge.gpml chagon.gpml
>
>LargeIgneousProvince <identity>GPlates-b12534e7-ecf5-40ec-a7e3-5a04661a9aab</identity> <revision>GPlates-c96300c7-dc2e-41dc-87ce-ee136e305428</revision>
> name MENDELEV RIDGE, PART 1, ARCTIC OCEAN, 2500M
> description MENDELEV RIDGE, PART 1, ARCTIC OCEAN, 2500M
> shapefileAttributes KeyValueDictionary ( PLATEID1,  407) ( TYPE,  VP) ( FROMAGE,  130) ( TOAGE,  -999) ( NAME,  MENDELEV RIDGE, PART 1, ARCTIC OCEAN, 2500M) ( DESCR,  MENDELEV RIDGE, PART 1, ARCTIC OCEAN, 2500M) ( GPGIM_TYPE,  gpml:LargeIgneousProvince) ( FEATURE_ID,  GPlates-82e043a9-f313-4feb-b095-bc36557b7cf9) ( REF,  Coffin, 2011 (PLATES project)) ( PLATEID2,  0) ( RECON_METH,  ) ( L_PLATE,  0) ( R_PLATE,  0) ( SPREAD_ASY,  0) ( IMPORT_AGE,  0)
> validTime TimePeriod <begin> TimeInstant <timePosition>130</timePosition></begin> <end> TimeInstant <timePosition>http://gplates.org/times/distantFuture</timePosition></end>
> reconstructionPlateId 407
> geometryImportTime TimeInstant <timePosition>0</timePosition>
> conjugatePlateId 0
> leftPlate 0
> rightPlate 0
> spreadingAsymmetry 0
  -180.000000      75.643868
  -180.000000      82.738901
  -179.899000      82.745501
  -179.820000      82.749903
  -179.639999      82.761900
  -179.459000      82.767900
  -179.458000      82.767900
  -179.278999      82.773500
  -179.098000      82.780100
  -178.916000      82.787001
  -178.848999      82.789499
  -178.733999      82.796602
  -178.549999      82.810801
  -178.543999      82.811300
  -178.421999      82.833601
  -178.438000      82.856302
  -178.491999      82.879202
  -178.493999      82.901899
  -178.437000      82.924402
  -178.338999      82.939802
  -178.310999      82.946699
  -178.257000      82.969202
  -178.140999      82.990801
  -178.136999      82.991400
  -178.062000      83.013800
  -178.025000      83.036303
  -177.938000      83.046301
  -177.813999      83.058100
  -177.746000      83.061701
  -177.556999      83.063002
  -177.368999      83.062403
  -177.180000      83.066099
  -177.056000      83.076700
  -176.983999      83.084101
  -176.793999      83.085501
  -176.607000      83.083700
  -176.421000      83.076799
  -176.323999      83.071600
  -176.237999      83.066900
  -176.055000      83.058001
  -175.917999      83.045603
  -175.880999      83.034502
  -175.843000      83.022200
  -175.764999      82.998701
  -175.729000      82.976103
  -175.727999      82.975599
  -175.740000      82.953001
  -175.743999      82.951101
  -175.813999      82.930902
  -175.952000      82.912001
  -175.989000      82.909700
  -176.121000      82.888102
  -176.136999      82.865499
  -176.164999      82.860003
  -176.262999      82.843801
  -176.278999      82.821199
  -176.243000      82.798201
  -176.209000      82.777502
  -176.202000      82.775103
  -176.038000      82.759302
  -175.955999      82.750200
  -175.866999      82.742701
  -175.695000      82.729502
  -175.622000      82.724401
  -175.521000      82.719301
  -175.345999      82.712301
  -175.170000      82.708300
  -174.991999      82.706102
  -174.816000      82.701700
  -174.705999      82.691801
  -174.649000      82.684000
  -174.514999      82.666700
  -174.486000      82.663099
  -174.317999      82.649900
  -174.143000      82.646101
  -173.969999      82.640303
  -173.969999      82.636900
  -173.973999      82.634802
  -173.996000      82.614401
  -174.104000      82.593100
  -174.188000      82.589399
  -174.364000      82.589899
  -174.539999      82.590700
  -174.716999      82.590799
  -174.893999      82.590601
  -174.991999      82.581202
  -175.081999      82.572599
  -175.198000      82.560701
  -175.272999      82.550303
  -175.358999      82.539701
  -175.417999      82.517599
  -175.305000      82.498800
  -175.229000      82.492800
  -175.139000      82.486403
  -175.063000      82.468203
  -174.986000      82.454702
  -174.937000      82.444002
  -174.965000      82.421602
  -175.011999      82.415201
  -175.123999      82.400602
  -175.198999      82.392202
  -175.336000      82.380201
  -175.380999      82.375799
  -175.556999      82.367800
  -175.643999      82.360701
  -175.737000      82.352900
  -175.907999      82.351999
  -176.077999      82.353102
  -176.248999      82.353102
  -176.418999      82.355501
  -176.587999      82.358000
  -176.757999      82.360102
  -176.830000      82.348303
  -176.902000      82.326200
  -176.944000      82.303801
  -176.955000      82.295702
  -176.973999      82.281301
  -177.038000      82.259001
  -177.122000      82.236902
  -177.147999      82.232702
  -177.243000      82.215002
  -177.320999      82.192801
  -177.331999      82.185900
  -177.355999      82.170301
  -177.354000      82.147600
  -177.359999      82.125002
  -177.400000      82.102503
  -177.452000      82.080202
  -177.462999      82.057501
  -177.376999      82.050001
  -177.213999      82.047102
  -177.049999      82.054800
  -177.046999      82.055002
  -176.879000      82.066000
  -176.785999      82.075502
  -176.706999      82.083902
  -176.539000      82.090700
  -176.468000      82.095701
  -176.368999      82.102900
  -176.281000      82.116800
  -176.191999      82.125902
  -176.024000      82.131300
  -175.859999      82.125902
  -175.739000      82.111601
  -175.706999      82.102301
  -175.667000      82.088102
  -175.681000      82.065500
  -175.739000      82.044802
  -175.743000      82.043402
  -175.799000      82.021299
  -175.824999      81.998800
  -175.857000      81.976400
  -175.914000      81.954302
  -175.958000      81.936899
  -175.972000      81.932100
  -175.966000      81.921499
  -175.958000      81.909300
  -175.837000      81.885302
  -175.823999      81.883501
  -175.701000      81.861200
  -175.677000      81.856600
  -175.597000      81.837301
  -175.539000      81.817202
  -175.528999      81.813902
  -175.487000      81.790701
  -175.472000      81.767702
  -175.496000      81.745302
  -175.587999      81.726801
  -175.612000      81.723902
  -175.750999      81.716600
  -175.907999      81.716402
  -176.064999      81.717802
  -176.226000      81.711000
  -176.261999      81.707800
  -176.393000      81.689501
  -176.409000      81.686502
  -176.475000      81.664400
  -176.510000      81.642000
  -176.545000      81.619600
  -176.580999      81.614100
  -176.706999      81.621000
  -176.733000      81.622499
  -176.885000      81.633303
  -177.038000      81.640699
  -177.198999      81.625700
  -177.202999      81.624800
  -177.199999      81.623503
  -177.167000      81.601900
  -177.056999      81.588900
  -176.989000      81.577902
  -176.910000      81.566801
  -176.826000      81.553900
  -176.764000      81.544600
  -176.677000      81.530001
  -176.618999      81.520002
  -176.536999      81.506002
  -176.476000      81.494303
  -176.375999      81.481901
  -176.382000      81.459200
  -176.350000      81.436300
  -176.348000      81.436003
  -176.338999      81.436102
  -176.295000      81.458403
  -176.303999      81.481199
  -176.302999      81.503901
  -176.271999      81.526300
  -176.219000      81.548502
  -176.208000      81.571100
  -176.177000      81.593500
  -176.119999      81.601999
  -175.973999      81.614100
  -175.956999      81.616899
  -175.795000      81.629499
  -175.654999      81.633501
  -175.636000      81.634901
  -175.542999      81.632200
  -175.482000      81.630701
  -175.336000      81.613199
  -175.309000      81.606703
  -175.227999      81.583002
  -175.205999      81.568502
  -175.192999      81.559900
  -175.199999      81.537203
  -175.234999      81.517900
  -175.239000      81.515001
  -175.292999      81.492903
  -175.355999      81.470900
  -175.414999      81.448900
  -175.428999      81.443201
  -175.469999      81.426901
  -175.532000      81.404902
  -175.611000      81.387602
  -175.636999      81.383402
  -175.770000      81.371099
  -175.924000      81.366201
  -176.074999      81.367201
  -176.205000      81.389402
  -176.209999      81.402300
  -176.366999      81.392302
  -176.380999      81.391100
  -176.382999      81.368502
  -176.376999      81.367399
  -176.226999      81.365103
  -176.077000      81.361700
  -176.008999      81.342001
  -175.942999      81.326002
  -175.917999      81.318399
  -175.955999      81.297800
  -175.959999      81.296103
  -175.956999      81.295202
  -175.937000      81.273199
  -175.896999      81.250002
  -175.903999      81.227400
  -175.928999      81.205000
  -175.918999      81.182199
  -175.869999      81.164602
  -175.855000      81.158800
  -175.859999      81.136103
  -175.886999      81.113703
  -175.879000      81.090902
  -175.913000      81.071402
  -175.989000      81.069502
  -176.059999      81.069300
  -176.146000      81.071100
  -176.205000      81.072302
  -176.257000      81.072302
  -176.351000      81.072001
  -176.503000      81.058802
  -176.532000      81.052301
  -176.529999      81.029600
  -176.532000      81.006903
  -176.541000      80.984301
  -176.548000      80.961702
  -176.542999      80.954203
  -176.531000      80.938902
  -176.480999      80.915701
  -176.418999      80.903799
  -176.319000      80.891401
  -176.282999      80.885801
  -176.146000      80.871901
  -176.109999      80.866602
  -176.118000      80.844000
  -176.150999      80.821699
  -176.160000      80.799101
  -176.056000      80.775202
  -176.046000      80.773600
  -175.907000      80.768400
  -175.768999      80.760900
  -175.671999      80.748102
  -175.639000      80.736902
  -175.598999      80.724501
  -175.511999      80.707399
  -175.431000      80.699701
  -175.434999      80.677000
  -175.449999      80.654501
  -175.407999      80.634703
  -175.375999      80.630899
  -175.272999      80.625200
  -175.135000      80.622801
  -174.997999      80.619101
  -174.862000      80.612501
  -174.732000      80.599100
  -174.730000      80.598902
  -174.605000      80.574499
  -174.605000      80.574400
  -174.542999      80.550699
  -174.487999      80.537600
  -174.451000      80.526503
  -174.463999      80.504000
  -174.514000      80.494402
  -174.583000      80.483202
  -174.653000      80.461599
  -174.677999      80.439199
  -174.555000      80.423201
  -174.418999      80.421000
  -174.289000      80.410803
  -174.285000      80.410200
  -174.161999      80.396101
  -174.032999      80.384401
  -174.024000      80.383001
  -173.909000      80.364202
  -173.885000      80.357801
  -173.858999      80.334600
  -173.802999      80.318701
  -173.778999      80.310400
  -173.737000      80.286901
  -173.695999      80.276201
  -173.649000      80.262503
  -173.580000      80.247103
  -173.535999      80.237501
  -173.465000      80.219801
  -173.448999      80.213102
  -173.413000      80.189600
  -173.364000      80.171103
  -173.343000      80.165503
  -173.313000      80.142099
  -173.303999      80.119200
  -173.272999      80.109301
  -173.226000      80.094801
  -173.213999      80.071802
  -173.174999      80.060102
  -173.125999      80.047201
  -173.063000      80.032400
  -173.018000      80.022200
  -172.955000      79.999502
  -172.944000      79.997801
  -172.836000      79.982000
  -172.711000      79.974501
  -172.584000      79.968901
  -172.567999      79.966700
  -172.504000      79.942499
  -172.482000      79.930601
  -172.454000      79.918501
  -172.375000      79.899702
  -172.248999      79.894602
  -172.114000      79.900999
  -171.994999      79.888102
  -171.972000      79.884199
  -171.892000      79.859301
  -172.021000      79.855200
  -172.156000      79.848001
  -172.184999      79.843702
  -172.215000      79.821699
  -172.237999      79.799402
  -172.258999      79.777102
  -172.254999      79.754202
  -172.236000      79.744101
  -172.213999      79.730402
  -172.146999      79.705900
  -172.139000      79.704100
  -172.070000      79.681200
  -172.034000      79.675303
  -171.944000      79.655199
  -171.927000      79.650499
  -171.882999      79.653700
  -171.910999      79.670301
  -171.934000      79.677801
  -171.941999      79.700800
  -171.917999      79.723001
  -171.948000      79.746599
  -171.837999      79.761301
  -171.810999      79.743101
  -171.737999      79.726603
  -171.719999      79.718000
  -171.650000      79.693300
  -171.640999      79.689600
  -171.608999      79.669401
  -171.598000      79.646200
  -171.595999      79.623400
  -171.633999      79.601500
  -171.673000      79.579702
  -171.612999      79.568102
  -171.553999      79.553701
  -171.507999      79.542501
  -171.393000      79.529699
  -171.362999      79.525702
  -171.400000      79.521700
  -171.455999      79.505400
  -171.546999      79.495001
  -171.615999      79.509703
  -171.653999      79.517202
  -171.782000      79.514299
  -171.782999      79.514101
  -171.782999      79.513102
  -171.789999      79.491503
  -171.802000      79.488901
  -171.934000      79.479601
  -172.056000      79.484301
  -172.171000      79.478502
  -172.126999      79.454599
  -172.195000      79.433500
  -172.222000      79.428701
  -172.247999      79.434801
  -172.327999      79.454100
  -172.355000      79.460302
  -172.435999      79.476301
  -172.480000      79.486101
  -172.524000      79.509901
  -172.511000      79.532400
  -172.517000      79.537001
  -172.563000      79.556402
  -172.497999      79.563902
  -172.372999      79.562902
  -172.309999      79.573099
  -172.258999      79.594702
  -172.248999      79.617201
  -172.270000      79.640501
  -172.305000      79.654001
  -172.331999      79.664900
  -172.409000      79.684900
  -172.427000      79.689901
  -172.500000      79.714399
  -172.511000      79.718702
  -172.555000      79.738501
  -172.609999      79.758600
  -172.622999      79.762899
  -172.685999      79.787100
  -172.711000      79.795603
  -172.781000      79.812002
  -172.823000      79.819799
  -172.942999      79.831701
  -173.069000      79.836802
  -173.196999      79.837500
  -173.334000      79.826200
  -173.341999      79.824102
  -173.469999      79.804003
  -173.477999      79.802702
  -173.591999      79.783701
  -173.605000      79.761202
  -173.514000      79.745703
  -173.480000      79.735903
  -173.404999      79.716402
  -173.387999      79.711302
  -173.413000      79.704599
  -173.539999      79.704203
  -173.629000      79.693502
  -173.553999      79.683401
  -173.482000      79.667803
  -173.444000      79.656202
  -173.348000      79.642202
  -173.327000      79.641001
  -173.243000      79.617300
  -173.219999      79.612001
  -173.101000      79.601000
  -173.021999      79.589701
  -172.986000      79.585100
  -172.869999      79.570299
  -172.837999      79.562799
  -172.876999      79.540899
  -172.893000      79.537703
  -173.028999      79.521799
  -173.109999      79.523401
  -173.152000      79.524000
  -173.153999      79.524401
  -173.270000      79.535101
  -173.358999      79.551500
  -173.379999      79.559603
  -173.410999      79.552603
  -173.430000      79.530302
  -173.403000      79.522699
  -173.302999      79.504801
  -173.291000      79.502802
  -173.181999      79.479502
  -173.076000      79.454401
  -173.073999      79.454000
  -172.962000      79.435602
  -172.934000      79.428400
  -172.913000      79.405199
  -172.994999      79.386000
  -173.005999      79.384600
  -173.035000      79.362501
  -173.014000      79.358400
  -172.923000      79.337202
  -172.906000      79.335302
  -172.785999      79.331202
  -172.758999      79.333300
  -172.656000      79.341700
  -172.535000      79.337999
  -172.483000      79.326700
  -172.427000      79.317400
  -172.358000      79.300901
  -172.320999      79.294802
  -172.209999      79.278101
  -172.087000      79.279501
  -171.965000      79.279001
  -171.843000      79.277700
  -171.719999      79.278101
  -171.625999      79.281702
  -171.591999      79.285299
  -171.469999      79.284101
  -171.354000      79.275999
  -171.271999      79.271799
  -171.237000      79.269201
  -171.180000      79.246302
  -171.139999      79.238401
  -171.017000      79.238501
  -170.955000      79.239702
  -170.892000      79.242002
  -170.772999      79.238001
  -170.732000      79.233000
  -170.687000      79.208700
  -170.726999      79.187101
  -170.720999      79.164000
  -170.716000      79.163000
  -170.605999      79.150301
  -170.483999      79.150602
  -170.437000      79.132299
  -170.473999      79.110601
  -170.528000      79.100401
  -170.653999      79.094801
  -170.695999      79.117502
  -170.747999      79.126200
  -170.795000      79.120600
  -170.809999      79.098101
  -170.784000      79.084101
  -170.778000      79.074301
  -170.795000      79.072001
  -170.889999      79.054899
  -170.938000      79.044703
  -171.018000      79.035902
  -171.070000      79.030600
  -171.163000      79.017401
  -171.216999      78.997301
  -171.222000      78.996302
  -171.219000      78.994600
  -171.205000      78.972902
  -171.167999      78.948999
  -171.143999      78.940702
  -171.128000      78.925001
  -171.136999      78.902399
  -171.181000      78.880899
  -171.198000      78.873800
  -171.309999      78.881102
  -171.344000      78.862902
  -171.327999      78.858702
  -171.254000      78.837400
  -171.233000      78.829702
  -171.222000      78.813601
  -171.206999      78.790300
  -171.184999      78.766802
  -171.286999      78.761602
  -171.362000      78.749300
  -171.411999      78.728003
  -171.421000      78.705400
  -171.449999      78.701799
  -171.536999      78.686003
  -171.593000      78.664801
  -171.595999      78.642099
  -171.508999      78.624701
  -171.442999      78.614801
  -171.446999      78.592100
  -171.459000      78.569700
  -171.445999      78.555201
  -171.439999      78.546301
  -171.418999      78.522902
  -171.432999      78.500502
  -171.379999      78.490499
  -171.340000      78.497702
  -171.247000      78.515100
  -171.233000      78.517202
  -171.171999      78.538202
  -171.149000      78.560301
  -171.136999      78.582701
  -171.100000      78.604403
  -171.052999      78.616201
  -170.938999      78.613901
  -170.896999      78.598101
  -170.857000      78.573999
  -170.855999      78.573500
  -170.803999      78.549402
  -170.785000      78.525900
  -170.826000      78.504400
  -170.882999      78.483400
  -170.844000      78.459299
  -170.837999      78.454599
  -170.789000      78.434702
  -170.758999      78.411200
  -170.757999      78.410803
  -170.746000      78.387602
  -170.743999      78.364702
  -170.695000      78.350500
  -173.061000      76.005900
  -174.863944      75.744588
  -180.000000      75.643868
>