>anchorPlateId 0
>reconstructionTime 0
>
>
>LargeIgneousProvince <identity>GPlates-7d8131fc-103f-42f7-bced-e6e14f57504b</identity> <revision>GPlates-2e43cad0-0ba5-405b-998c-3fa196bcf4ca</revision>
> name Mozambique_Ridge
> description Indian
> shapefileAttributes KeyValueDictionary ( PLATEID1,  701) ( FROMAGE,  140) ( TOAGE,  -999) ( NAME,  Mozambique_Ridge) ( DESCR,  Indian) ( MatlabAr,  210042) ( AgeRef,  Konig+Jokat_2010_GJI) ( AgeMethod,  Magnetic lineations) ( PBType,  MOR) ( Dist2PB,  0) ( GPGIM_TYPE,  gpml:LargeIgneousProvince) ( FEATURE_ID,  GPlates-63678a6a-60e0-4066-a9bc-c9c59eac187c) ( TYPE,  VP) ( IMPORT_AGE,  0) ( PLATEID2,  0) ( RECON_METH,  ) ( L_PLATE,  0) ( R_PLATE,  0) ( SPREAD_ASY,  0)
> validTime TimePeriod <begin> TimeInstant <timePosition>140</timePosition></begin> <end> TimeInstant <timePosition>http://gplates.org/times/distantFuture</timePosition></end>
> reconstructionPlateId 701
> geometryImportTime TimeInstant <timePosition>0</timePosition>
> conjugatePlateId 0
> leftPlate 0
> rightPlate 0
> spreadingAsymmetry 0
  32.813913      -35.211889
  32.628901      -35.216400
  32.527376      -35.053949
  32.425852      -34.891499
  32.324324      -34.729050
  32.222799      -34.566599
  32.243101      -34.404173
  32.263403      -34.241749
  32.283705      -34.079323
  32.304003      -33.916899
  32.466452      -33.896549
  32.628901      -33.876200
  32.764269      -33.774683
  32.899633      -33.673166
  33.035002      -33.571650
  33.170366      -33.470133
  33.305735      -33.368616
  33.441099      -33.267099
  33.546701      -33.137138
  33.652300      -33.007179
  33.757902      -32.877220
  33.863504      -32.747259
  33.969103      -32.617300
  33.969103      -32.481932
  33.969103      -32.346565
  33.969103      -32.211199
  34.111227      -32.099499
  34.253351      -31.987799
  34.395475      -31.876099
  34.537600      -31.764399
  34.639151      -31.601948
  34.740702      -31.439499
  34.842253      -31.277048
  34.943800      -31.114599
  34.947863      -30.923729
  34.951921      -30.732859
  34.955980      -30.541988
  34.960039      -30.351120
  34.964102      -30.160250
  34.968161      -29.969379
  34.972219      -29.778509
  34.976282      -29.587639
  34.980341      -29.396770
  34.984400      -29.205900
  35.065603      -29.070532
  35.146803      -28.935165
  35.228003      -28.799799
  35.403986      -28.718565
  35.579969      -28.637331
  35.755953      -28.556099
  35.931936      -28.474865
  36.107916      -28.393631
  36.283899      -28.312399
  36.365126      -28.129648
  36.446352      -27.946899
  36.527578      -27.764149
  36.608801      -27.581400
  36.593187      -27.387714
  36.577570      -27.194031
  36.561956      -27.000345
  36.546339      -26.806662
  36.530725      -26.612976
  36.515108      -26.419292
  36.499495      -26.225607
  36.483881      -26.031921
  36.468264      -25.838238
  36.452650      -25.644552
  36.437033      -25.450869
  36.421419      -25.257183
  36.405802      -25.063499
  36.578402      -25.053349
  36.751001      -25.043200
  36.923601      -25.033049
  37.096201      -25.022900
  37.163870      -25.185331
  37.231535      -25.347765
  37.299200      -25.510199
  37.307322      -25.697018
  37.315439      -25.883839
  37.323561      -26.070660
  37.331682      -26.257479
  37.339800      -26.444300
  37.321756      -26.633821
  37.303713      -26.823343
  37.285669      -27.012865
  37.267622      -27.202389
  37.249578      -27.391911
  37.231535      -27.581432
  37.213491      -27.770954
  37.195444      -27.960478
  37.177401      -28.150000
  37.106329      -28.322599
  37.035254      -28.495199
  36.964178      -28.667799
  36.893103      -28.840399
  36.893103      -29.038942
  36.893103      -29.237488
  36.893103      -29.436031
  36.893103      -29.634577
  36.893103      -29.833122
  36.893103      -30.031666
  36.893103      -30.230211
  36.893103      -30.428755
  36.893103      -30.627300
  36.838968      -30.816833
  36.784834      -31.006367
  36.730700      -31.195900
  36.718199      -31.389584
  36.705702      -31.583269
  36.693201      -31.776953
  36.680700      -31.970638
  36.668200      -32.164322
  36.655703      -32.358007
  36.643202      -32.551693
  36.630701      -32.745377
  36.618200      -32.939062
  36.605703      -33.132746
  36.593203      -33.326431
  36.580702      -33.520115
  36.568201      -33.713800
  36.503222      -33.900620
  36.438242      -34.087440
  36.373262      -34.274260
  36.308279      -34.461079
  36.243299      -34.647900
  36.080851      -34.708799
  35.918402      -34.769699
  35.857504      -34.891548
  35.796602      -35.013399
  35.647703      -35.067532
  35.498804      -35.121666
  35.349901      -35.175800
  35.173918      -35.175800
  34.997934      -35.175800
  34.821951      -35.175800
  34.645967      -35.175800
  34.469984      -35.175800
  34.294001      -35.175800
  34.108992      -35.180311
  33.923979      -35.184822
  33.738970      -35.189333
  33.553957      -35.193844
  33.368944      -35.198355
  33.183935      -35.202866
  32.998922      -35.207378
  32.813913      -35.211889
>