>anchorPlateId 0
>reconstructionTime 0
>
>
>LargeIgneousProvince <identity>GPlates-65d68bc6-8f7a-40fc-8c41-04ae62d7856e</identity> <revision>GPlates-8c82be17-4d88-40ca-9296-d3e696eafa22</revision>
> name Nauru_Basin
> description Pacific
> shapefileAttributes KeyValueDictionary ( PLATEID1,  901) ( FROMAGE,  111) ( TOAGE,  -999) ( NAME,  Nauru_Basin) ( DESCR,  Pacific) ( MatlabAr,  511059) ( AgeRef,  Castillo++_1994_EPSL) ( AgeMethod,  Ar/Ar) ( PBType,  MOR) ( Dist2PB,  1012) ( GPGIM_TYPE,  gpml:LargeIgneousProvince) ( FEATURE_ID,  GPlates-062f4315-a4d9-48d6-924b-bb9b3b14911a) ( TYPE,  VP) ( IMPORT_AGE,  0) ( PLATEID2,  0) ( RECON_METH,  ) ( L_PLATE,  0) ( R_PLATE,  0) ( SPREAD_ASY,  0)
> validTime TimePeriod <begin> TimeInstant <timePosition>111</timePosition></begin> <end> TimeInstant <timePosition>http://gplates.org/times/distantFuture</timePosition></end>
> reconstructionPlateId 901
> geometryImportTime TimeInstant <timePosition>0</timePosition>
> conjugatePlateId 0
> leftPlate 0
> rightPlate 0
> spreadingAsymmetry 0
  168.403841       6.925032
  168.573400       6.835699
  168.752867       6.871866
  168.932337       6.908033
  169.111803       6.944201
  169.291269       6.980368
  169.470736       7.016535
  169.650202       7.052702
  169.844919       7.010054
  170.039637       6.967402
  170.234354       6.924753
  170.429071       6.882101
  170.623785       6.839453
  170.818502       6.796801
  170.915174       6.637316
  171.011847       6.477831
  171.108515       6.318346
  171.205187       6.158861
  171.301859       5.999376
  171.398531       5.839888
  171.495199       5.680403
  171.474634       5.484869
  171.454069       5.289335
  171.433500       5.093801
  171.288866       4.958082
  171.144228       4.822359
  170.999590       4.686640
  170.854956       4.550917
  170.710318       4.415197
  170.565680       4.279474
  170.421041       4.143755
  170.276407       4.008032
  170.131769       3.872313
  169.987131       3.736593
  169.842497       3.600870
  169.697859       3.465151
  169.553221       3.329428
  169.408587       3.193708
  169.263948       3.057985
  169.119310       2.922266
  168.974676       2.786543
  168.830038       2.650824
  168.685400       2.515100
  168.508947       2.437109
  168.332491       2.359121
  168.156038       2.281130
  167.979582       2.203138
  167.803129       2.125147
  167.626677       2.047155
  167.450220       1.969168
  167.273767       1.891176
  167.097311       1.813185
  166.920858       1.735193
  166.744402       1.657202
  166.603926       1.533445
  166.463446       1.409693
  166.322969       1.285936
  166.182489       1.162180
  166.042013       1.038424
  165.901537       0.914671
  165.761057       0.790915
  165.620581       0.667158
  165.480101       0.543402
  165.312078       0.530752
  165.144053       0.518103
  164.976027       0.505449
  164.808001       0.492800
  164.672335       0.537302
  164.536669       0.581804
  164.400999       0.626303
  164.269918       0.730238
  164.138834       0.834169
  164.007750       0.938105
  163.876669       1.042036
  163.745584       1.145971
  163.614500       1.249903
  163.539835       1.422468
  163.465170       1.595034
  163.390501       1.767599
  163.489019       1.924982
  163.587538       2.082365
  163.686056       2.239744
  163.784575       2.397127
  163.883093       2.554510
  163.981611       2.711893
  164.080130       2.869272
  164.178648       3.026655
  164.277163       3.184038
  164.375681       3.341421
  164.474199       3.498800
  164.505434       3.648100
  164.536669       3.797400
  164.567900       3.946699
  164.545374       4.143316
  164.522844       4.339930
  164.500315       4.536543
  164.477785       4.733156
  164.455259       4.929773
  164.432730       5.126387
  164.410200       5.323000
  164.359518       5.506533
  164.308836       5.690069
  164.258150       5.873602
  164.207468       6.057135
  164.156786       6.240667
  164.106100       6.424200
  163.952917       6.545408
  163.799734       6.666616
  163.646551       6.787828
  163.493368       6.909037
  163.340185       7.030245
  163.187002       7.151453
  163.033819       7.272661
  162.880636       7.393869
  162.727453       7.515078
  162.574266       7.636286
  162.421083       7.757494
  162.267900       7.878702
  162.257650       8.014303
  162.247400       8.149900
  162.414762       8.210543
  162.582121       8.271185
  162.749479       8.331823
  162.846281       8.332102
  163.001020       8.352602
  163.155760       8.373102
  163.310499       8.393602
  163.382902       8.568769
  163.455301       8.743937
  163.527700       8.919100
  163.485975       9.108728
  163.444250       9.298353
  163.402525       9.487978
  163.360800       9.677603
  163.432802       9.785353
  163.504801       9.893103
  163.669401       9.857954
  163.834002       9.822802
  163.955935       9.675303
  164.077868       9.527803
  164.199800       9.380301
  164.346636       9.276236
  164.493467       9.172167
  164.640303       9.068102
  164.787134       8.964033
  164.933966       8.859968
  165.080801       8.755903
  165.227633       8.651834
  165.374468       8.547770
  165.521299       8.443701
  165.690863       8.354368
  165.860422       8.265036
  166.029985       8.175703
  166.199545       8.086367
  166.369104       7.997034
  166.538668       7.907701
  166.708227       7.818369
  166.877790       7.729033
  167.047350       7.639700
  167.216913       7.550367
  167.386473       7.461035
  167.556036       7.371702
  167.725595       7.282366
  167.895155       7.193033
  168.064718       7.103701
  168.234278       7.014368
  168.403841       6.925032
>