>anchorPlateId 0
>reconstructionTime 0
>
>
>LargeIgneousProvince <identity>GPlates-4508a976-2f28-4486-944f-ba69ef5af7ce</identity> <revision>GPlates-070b5a5d-030a-485e-b774-f233a1b2f05f</revision>
> name Nazca_Ridge
> description Pacific
> shapefileAttributes KeyValueDictionary ( PLATEID1,  911) ( FROMAGE,  26) ( TOAGE,  -999) ( NAME,  Nazca_Ridge) ( DESCR,  Pacific) ( MatlabAr,  228434) ( AgeRef,  O'Conner++_1995_EPSL) ( AgeMethod,  Ar/Ar) ( PBType,  MOR) ( Dist2PB,  55) ( GPGIM_TYPE,  gpml:LargeIgneousProvince) ( FEATURE_ID,  GPlates-fdec7a34-f89b-4a73-ba65-3dc84cef2855) ( TYPE,  VP) ( IMPORT_AGE,  0) ( PLATEID2,  0) ( RECON_METH,  ) ( L_PLATE,  0) ( R_PLATE,  0) ( SPREAD_ASY,  0)
> validTime TimePeriod <begin> TimeInstant <timePosition>26</timePosition></begin> <end> TimeInstant <timePosition>http://gplates.org/times/distantFuture</timePosition></end>
> reconstructionPlateId 911
> geometryImportTime TimeInstant <timePosition>0</timePosition>
> conjugatePlateId 0
> leftPlate 0
> rightPlate 0
> spreadingAsymmetry 0
  -77.194300      -17.653799
  -77.233200      -17.824699
  -77.073200      -17.809399
  -77.157700      -17.940699
  -77.316780      -17.916618
  -77.475859      -17.892538
  -77.634939      -17.868458
  -77.794020      -17.844379
  -77.953100      -17.820299
  -78.072800      -17.957235
  -78.192499      -18.094173
  -78.312201      -18.231112
  -78.431900      -18.368050
  -78.551600      -18.504986
  -78.671299      -18.641924
  -78.790998      -18.778862
  -78.910700      -18.915800
  -79.044800      -18.983900
  -79.178900      -19.052000
  -79.313000      -19.120100
  -79.375029      -19.291698
  -79.437056      -19.463299
  -79.499084      -19.634899
  -79.561113      -19.806499
  -79.623142      -19.978098
  -79.685171      -20.149698
  -79.747200      -20.321299
  -79.648949      -20.385948
  -79.550699      -20.450600
  -79.706099      -20.526665
  -79.861498      -20.602732
  -80.016899      -20.678799
  -80.045498      -20.508699
  -80.074099      -20.338600
  -80.162771      -20.505592
  -80.251446      -20.672586
  -80.340118      -20.839581
  -80.428791      -21.006573
  -80.517466      -21.173567
  -80.606138      -21.340559
  -80.694813      -21.507553
  -80.783485      -21.674547
  -80.872158      -21.841539
  -80.960833      -22.008533
  -81.049505      -22.175526
  -81.138180      -22.342520
  -81.226852      -22.509514
  -81.315525      -22.676506
  -81.404200      -22.843500
  -81.514666      -22.933100
  -81.625132      -23.022699
  -81.735600      -23.112299
  -81.789875      -23.282574
  -81.844149      -23.452848
  -81.898424      -23.623123
  -81.952700      -23.793400
  -82.131550      -23.827024
  -82.310400      -23.860649
  -82.489250      -23.894276
  -82.668100      -23.927900
  -82.825472      -23.836128
  -82.982841      -23.744356
  -83.140213      -23.652586
  -83.297585      -23.560814
  -83.454956      -23.469042
  -83.612328      -23.377270
  -83.769699      -23.285500
  -83.760550      -23.124849
  -83.751400      -22.964199
  -83.602865      -23.080465
  -83.454332      -23.196732
  -83.305799      -23.313000
  -83.375341      -23.142771
  -83.444885      -22.972542
  -83.514427      -22.802313
  -83.583969      -22.632084
  -83.653513      -22.461855
  -83.723055      -22.291628
  -83.792599      -22.121399
  -83.614332      -22.040398
  -83.436066      -21.959398
  -83.257799      -21.878399
  -83.200649      -21.714825
  -83.143499      -21.551249
  -83.086349      -21.387674
  -83.029200      -21.224100
  -82.905800      -21.154066
  -82.782400      -21.084032
  -82.659000      -21.014000
  -82.542757      -20.870956
  -82.426514      -20.727913
  -82.310270      -20.584871
  -82.194027      -20.441828
  -82.077784      -20.298784
  -81.961542      -20.155741
  -81.845299      -20.012699
  -81.769873      -19.842199
  -81.694448      -19.671700
  -81.619024      -19.501200
  -81.543600      -19.330700
  -81.393517      -19.255016
  -81.243433      -19.179333
  -81.093349      -19.103649
  -80.943266      -19.027966
  -80.793182      -18.952284
  -80.643099      -18.876600
  -80.556299      -18.700300
  -80.416899      -18.707949
  -80.277500      -18.715599
  -80.256933      -18.528698
  -80.236366      -18.341799
  -80.215799      -18.154900
  -80.099224      -18.038948
  -79.982649      -17.922998
  -79.866074      -17.807049
  -79.749500      -17.691099
  -79.688566      -17.524364
  -79.627632      -17.357632
  -79.566700      -17.190899
  -79.382700      -17.119999
  -79.198700      -17.049099
  -79.014700      -16.978199
  -78.830700      -16.907299
  -78.820660      -16.728659
  -78.810619      -16.550018
  -78.800579      -16.371378
  -78.790541      -16.192739
  -78.780500      -16.014099
  -78.638288      -15.886253
  -78.496077      -15.758410
  -78.353867      -15.630566
  -78.211655      -15.502720
  -78.069443      -15.374876
  -77.927233      -15.247032
  -77.785021      -15.119186
  -77.642809      -14.991343
  -77.500599      -14.863499
  -77.312431      -14.860531
  -77.124266      -14.857565
  -76.936100      -14.854599
  -76.806387      -14.987099
  -76.676674      -15.119598
  -76.546961      -15.252098
  -76.417250      -15.384600
  -76.287537      -15.517099
  -76.157824      -15.649599
  -76.028111      -15.782101
  -75.898399      -15.914600
  -75.967878      -16.074841
  -76.037359      -16.235079
  -76.106840      -16.395319
  -76.176319      -16.555559
  -76.245800      -16.715799
  -76.306767      -16.838999
  -76.367733      -16.962198
  -76.428699      -17.085400
  -76.581820      -17.199080
  -76.734940      -17.312759
  -76.888060      -17.426439
  -77.041180      -17.540119
  -77.194300      -17.653799
>