>anchorPlateId 0
>reconstructionTime 0
>
>
>LargeIgneousProvince <identity>GPlates-ca3f13a2-7d24-441e-8d7c-3b1566221e95</identity> <revision>GPlates-3ebeaaa3-212d-4909-944a-c51502c656d3</revision>
> name Ninetyeast_Ridge
> description Indian
> shapefileAttributes KeyValueDictionary ( PLATEID1,  801) ( FROMAGE,  37) ( TOAGE,  -999) ( NAME,  Ninetyeast_Ridge) ( DESCR,  Indian) ( MatlabAr,  110549) ( AgeRef,  Duncan_1978_JGR) ( AgeMethod,  Ar/Ar) ( PBType,  MOR) ( Dist2PB,  0) ( GPGIM_TYPE,  gpml:LargeIgneousProvince) ( FEATURE_ID,  GPlates-9bad697b-4413-439f-8c1b-b88d174a3659) ( TYPE,  VP) ( IMPORT_AGE,  0) ( PLATEID2,  0) ( RECON_METH,  ) ( L_PLATE,  0) ( R_PLATE,  0) ( SPREAD_ASY,  0)
> validTime TimePeriod <begin> TimeInstant <timePosition>37</timePosition></begin> <end> TimeInstant <timePosition>http://gplates.org/times/distantFuture</timePosition></end>
> reconstructionPlateId 801
> geometryImportTime TimeInstant <timePosition>0</timePosition>
> conjugatePlateId 0
> leftPlate 0
> rightPlate 0
> spreadingAsymmetry 0
  88.850863      -29.785379
  88.931402      -29.936199
  89.053438      -29.849066
  89.175470      -29.761932
  89.297503      -29.674799
  89.458078      -29.660173
  89.618650      -29.645550
  89.779222      -29.630924
  89.939798      -29.616301
  89.923357      -29.786360
  89.906919      -29.956421
  89.890478      -30.126480
  89.874041      -30.296539
  89.857599      -30.466600
  89.904375      -30.601671
  89.951147      -30.736744
  89.997923      -30.871817
  89.931463      -31.008108
  89.865000      -31.144400
  89.728849      -31.073500
  89.592699      -31.002600
  89.445501      -31.066265
  89.298304      -31.129932
  89.151102      -31.193600
  89.117929      -31.345524
  89.084753      -31.497450
  89.051577      -31.649374
  89.018400      -31.801300
  88.883974      -31.875925
  88.749552      -31.950550
  88.615126      -32.025175
  88.480700      -32.099800
  88.425200      -32.254599
  88.369699      -32.409399
  88.314199      -32.564199
  88.258699      -32.719000
  88.124277      -32.860723
  87.989851      -33.002449
  87.855429      -33.144175
  87.721003      -33.285900
  87.547869      -33.217266
  87.374735      -33.148632
  87.201601      -33.080000
  87.280783      -33.219280
  87.359961      -33.358559
  87.439142      -33.497839
  87.518324      -33.637119
  87.597502      -33.776400
  87.461737      -33.901016
  87.325968      -34.025633
  87.190203      -34.150249
  87.054434      -34.274866
  86.918669      -34.399483
  86.782900      -34.524099
  86.647902      -34.463449
  86.512899      -34.402800
  86.455702      -34.231749
  86.398500      -34.060699
  86.479151      -33.896275
  86.559801      -33.731850
  86.640451      -33.567425
  86.721102      -33.403000
  86.652452      -33.271349
  86.583799      -33.139700
  86.592699      -32.950521
  86.601599      -32.761343
  86.610502      -32.572166
  86.619402      -32.382988
  86.628302      -32.193810
  86.637201      -32.004633
  86.646101      -31.815454
  86.655001      -31.626276
  86.663900      -31.437099
  86.756952      -31.269115
  86.850000      -31.101131
  86.943052      -30.933149
  87.036100      -30.765165
  87.129152      -30.597181
  87.222200      -30.429199
  87.185602      -30.320099
  87.102102      -30.375648
  87.018602      -30.431200
  87.010553      -30.317049
  87.002501      -30.202900
  86.931002      -30.344099
  86.859503      -30.485300
  86.788004      -30.626499
  86.716501      -30.767700
  86.666201      -30.591549
  86.615900      -30.415400
  86.672525      -30.239874
  86.729151      -30.064348
  86.785776      -29.888824
  86.842402      -29.713299
  86.899027      -29.537775
  86.955648      -29.362249
  87.012274      -29.186724
  87.068899      -29.011200
  87.231352      -28.934750
  87.393801      -28.858299
  87.582952      -28.912266
  87.772100      -28.966232
  87.961252      -29.020199
  88.150400      -29.074165
  88.339552      -29.128134
  88.528700      -29.182100
  88.609240      -29.332920
  88.689783      -29.483740
  88.770323      -29.634560
  88.850863      -29.785379
>