>anchorPlateId 0
>reconstructionTime 0
>WestPacificLIP.gpml Tutamounts_seamounts.gpml CoralSeaLIP.gpml PacificSeaMounts_b.gpml PacificSeaMounts_a.gpml PacificSeaMounts_c.gpml CanningBasin.gpml Kerguelen_plateau.gpml NorthAtlanticLIP.gpml
>Global_EB_250-0Ma_GK07_Matthews++.rot Global_EB_410-250Ma_GK07_Matthews++.rot Global_EB_410-250Ma_GK07_Matthews++.rot Global_EB_250-0Ma_GK07_Matthews++.rot
>UnclassifiedFeature <identity>GPlates-7d9ea48b-2eed-411e-8283-344fff97f342</identity> <revision>GPlates-ba802bba-0df3-45c4-9c1a-5334066190a8</revision>
> reconstructionPlateId 315
> validTime TimePeriod <begin> TimeInstant <timePosition>62</timePosition></begin> <end> TimeInstant <timePosition>0</timePosition></end>
> name 
> description 
> conjugatePlateId 0
> spreadingAsymmetry 0
> leftPlate 0
> rightPlate 0
> geometryImportTime TimeInstant <timePosition>0</timePosition>
> shapefileAttributes KeyValueDictionary ( contour,  129091) ( PLATEID1,  315) ( FROMAGE,  62) ( TOAGE,  0) ( NAME,  ) ( DESCR,  ) ( PLATEID2,  0) ( GPGIM_TYPE,  gpml:UnclassifiedFeature) ( FEATURE_ID,  GPlates-e2ef358d-33dc-42a3-ba18-c4c5b8c5d5f9) ( RECON_METH,  ) ( L_PLATE,  0) ( R_PLATE,  0) ( SPREAD_ASY,  0) ( IMPORT_AGE,  0) ( TYPE,  )
   1.072302      63.801203
   0.934301      63.729200
   0.877100      63.586500
   0.767500      63.420603
   0.580202      63.346102
   0.376902      63.292101
   0.168802      63.271601
  -0.068100      63.284502
  -0.172499      63.320700
  -0.323900      63.372301
  -0.527599      63.405199
  -0.841000      63.400702
  -1.221899      63.355700
  -1.552500      63.268702
  -1.850700      63.163099
  -2.180399      63.051001
  -2.539999      62.924601
  -2.860699      62.834299
  -3.310200      62.791700
  -3.745800      62.779001
  -4.136999      62.774202
  -4.672499      62.780802
  -5.121500      62.778502
  -5.619999      62.767000
  -6.143700      62.741899
  -6.630699      62.708700
  -7.211399      62.647100
  -7.541100      62.587999
  -7.750799      62.548700
  -8.062899      62.439501
  -8.362999      62.335501
  -8.525900      62.195902
  -8.599899      62.028502
  -8.672899      61.793303
  -8.718800      61.714201
  -8.830200      61.601500
  -9.031700      61.450399
  -9.197500      61.296602
  -9.378199      61.159502
  -9.584099      61.022699
  -9.880999      60.934999
  -10.179300      60.898703
  -10.597500      60.881903
  -11.039000      60.869200
  -11.518099      60.830099
  -11.864799      60.797400
  -12.170500      60.733801
  -12.476999      60.650801
  -12.739100      60.555902
  -12.978300      60.449800
  -13.253000      60.309900
  -13.454700      60.188402
  -13.687399      60.025801
  -13.982899      59.857100
  -14.294699      59.685301
  -14.662699      59.518103
  -15.033300      59.401701
  -15.429100      59.335802
  -15.819599      59.290201
  -16.294699      59.257101
  -16.754799      59.189402
  -17.154699      59.153200
  -17.511999      59.090300
  -17.902700      58.990900
  -18.278400      58.830603
  -18.549400      58.665400
  -18.839899      58.463400
  -19.018600      58.283201
  -19.236399      58.057699
  -19.384300      57.906401
  -19.604399      57.722101
  -19.777599      57.546202
  -19.978500      57.399202
  -20.212099      57.237001
  -20.502499      57.081202
  -20.877300      56.901201
  -21.175999      56.778502
  -21.474899      56.665503
  -21.820000      56.543600
  -22.215000      56.438601
  -22.533100      56.357599
  -22.843899      56.255201
  -23.138899      56.127802
  -23.348099      56.011801
  -23.524700      55.905802
  -23.700499      55.818602
  -23.890299      55.743902
  -24.027500      55.800001
  -24.268099      55.843599
  -24.535400      55.852400
  -24.673700      55.847002
  -24.849800      55.881399
  -24.975800      55.925901
  -25.035000      55.990702
  -24.934000      56.089201
  -24.740999      56.233400
  -24.579300      56.332899
  -24.418600      56.434500
  -24.200300      56.583200
  -23.929100      56.724600
  -23.642399      56.849302
  -23.257700      57.017801
  -22.900799      57.161303
  -22.561399      57.304399
  -22.167500      57.452402
  -21.838200      57.595301
  -21.520800      57.750299
  -21.366400      57.845503
  -21.038500      58.005899
  -20.590700      58.218599
  -20.362900      58.369303
  -20.122000      58.519102
  -19.963600      58.663202
  -19.820799      58.809301
  -19.631500      58.996202
  -19.507099      59.173403
  -19.329000      59.305799
  -19.087400      59.440901
  -18.752899      59.599401
  -18.374699      59.753000
  -18.101000      59.841700
  -17.785099      59.941801
  -17.550699      60.003599
  -17.277500      60.030600
  -16.999399      60.049601
  -16.711599      60.087999
  -16.349300      60.109900
  -15.980200      60.147600
  -15.643299      60.195299
  -15.332399      60.233103
  -14.951199      60.290003
  -14.565399      60.380503
  -14.309900      60.476801
  -14.119799      60.566900
  -13.756699      60.690802
  -13.401400      60.770201
  -13.163500      60.927202
  -12.906099      61.014502
  -12.492899      61.086302
  -12.074099      61.149202
  -11.746300      61.185499
  -11.415499      61.215799
  -11.151199      61.236200
  -10.872799      61.262503
  -10.588200      61.301802
  -10.337099      61.358301
  -10.127199      61.468302
  -9.861599      61.595602
  -9.704399      61.708101
  -9.619999      61.872202
  -9.567299      62.033701
  -9.528900      62.267500
  -9.470299      62.463701
  -9.351500      62.606802
  -9.224800      62.779200
  -9.129400      62.930902
  -9.004099      63.050501
  -8.846199      63.180101
  -8.708599      63.271299
  -8.614500      63.338301
  -8.506100      63.364100
  -8.375599      63.412302
  -8.252499      63.430902
  -8.019100      63.453901
  -7.830999      63.415899
  -7.640400      63.367300
  -6.869299      63.283701
  -6.254099      63.266302
  -5.939999      63.239901
  -5.600199      63.224302
  -5.355299      63.216803
  -4.957699      63.225500
  -4.577000      63.232302
  -4.280600      63.258501
  -3.974199      63.297300
  -3.649900      63.338602
  -3.315800      63.400000
  -2.951899      63.469103
  -2.626400      63.531099
  -2.315500      63.579000
  -2.027399      63.631002
  -1.709799      63.698301
  -1.386900      63.801401
  -1.193399      63.824301
  -0.992399      63.818300
  -0.743900      63.799402
  -0.525099      63.774599
  -0.265600      63.752199
  -0.077200      63.747400
   0.069902      63.783899
   0.276602      63.861902
   0.437201      63.934500
   0.552099      64.064501
   0.721003      64.147200
   0.837000      64.227400
   0.841402      64.376101
   0.864302      64.535200
   0.924002      64.686399
   1.105803      64.797503
   1.208601      64.898703
   1.385302      64.975599
   1.600401      65.054502
   1.872602      65.127199
   2.083200      65.189802
   2.305201      65.228300
   2.554800      65.284300
   2.656301      65.295603
   2.731401      65.294100
   2.842302      65.276201
   2.949202      65.226900
   2.998400      65.168200
   3.057600      65.090902
   3.068701      65.080202
   2.856001      65.068899
   2.372400      64.881601
   2.063501      64.719000
   1.806299      64.542200
   1.664301      64.410803
   1.585402      64.304701
   1.598101      64.215799
   1.662901      64.100302
   1.625601      63.978201
   1.378000      63.897501
   1.072302      63.801203
>