>anchorPlateId 0
>reconstructionTime 0
>Ontong.gpml Hess.gpml broken_ridge.gpml centralKerguelen.gpml northKerguelen.gpml Manihiki.gpml Africa.gpml Shatsky.gpml elan.gpml madagascar.gpml southernKerguelen.gpml conrad.gpml Agrentine.gpml iceland.gpml Hikurangi2.gpml delCano.gpml Hikurangi.gpml antarctic.gpml MendelevRidge2.gpml MendelevRidge.gpml chagon.gpml
>
>UnclassifiedFeature <identity>GPlates-0af81c81-99f8-4595-8fcd-0f442514a574</identity> <revision>GPlates-3a900869-83e3-49bc-be3b-416e8ecf86c4</revision>
> shapefileAttributes KeyValueDictionary ( contour,  405762) ( PLATEID1,  802) ( FROMAGE,  40.1) ( TOAGE,  0) ( NAME,  ) ( DESCR,  ) ( PLATEID2,  0) ( GPGIM_TYPE,  gpml:UnclassifiedFeature) ( FEATURE_ID,  GPlates-e02aceb1-8c41-4691-9a41-9276ac040910) ( RECON_METH,  ) ( L_PLATE,  0) ( R_PLATE,  0) ( SPREAD_ASY,  0) ( IMPORT_AGE,  0) ( TYPE,  )
> reconstructionPlateId 802
> validTime TimePeriod <begin> TimeInstant <timePosition>40.1</timePosition></begin> <end> TimeInstant <timePosition>0</timePosition></end>
> name 
> description 
> conjugatePlateId 0
> spreadingAsymmetry 0
> leftPlate 0
> rightPlate 0
> geometryImportTime TimeInstant <timePosition>0</timePosition>
  67.889601      -45.317499
  67.961901      -45.328100
  67.968801      -45.328100
  68.082399      -45.373400
  68.155802      -45.437199
  68.269503      -45.504299
  68.319902      -45.564800
  68.378500      -45.638899
  68.394503      -45.704000
  68.457701      -45.741800
  68.505899      -45.795599
  68.551802      -45.858200
  68.586203      -45.931900
  68.606802      -45.972799
  68.641302      -46.024700
  68.663099      -46.053499
  68.707800      -46.091900
  68.760599      -46.150900
  68.820299      -46.206699
  68.929300      -46.230600
  69.020002      -46.271200
  69.107203      -46.291899
  69.249502      -46.326899
  69.374601      -46.347599
  69.433100      -46.347599
  69.572001      -46.360300
  69.718801      -46.346800
  69.893301      -46.357100
  70.009199      -46.340399
  70.104403      -46.331699
  70.175600      -46.286299
  70.262800      -46.224199
  70.370703      -46.185200
  70.477400      -46.102999
  70.496901      -46.089500
  70.563501      -46.065500
  70.696600      -46.044699
  70.806700      -46.036699
  70.887102      -46.034300
  71.008699      -46.040699
  71.059202      -46.031099
  71.292200      -46.075899
  71.420702      -46.107000
  71.536600      -46.162899
  71.595102      -46.196400
  71.669703      -46.262499
  71.782202      -46.334900
  71.917601      -46.391300
  71.960100      -46.423000
  72.051901      -46.448399
  72.240103      -46.518200
  72.366301      -46.578300
  72.461599      -46.645599
  72.476500      -46.694500
  72.505201      -46.733999
  72.618799      -46.838100
  72.701403      -46.927000
  72.769102      -47.014999
  72.801203      -47.069099
  72.881601      -47.133400
  72.942400      -47.169399
  73.022699      -47.191299
  73.114500      -47.220999
  73.194902      -47.237400
  73.237303      -47.238199
  73.347502      -47.245199
  73.425501      -47.229599
  73.492102      -47.220200
  73.593100      -47.213200
  73.627501      -47.217100
  73.682600      -47.285099
  73.784700      -47.360800
  73.837500      -47.396599
  73.889101      -47.418400
  73.933901      -47.429300
  74.047503      -47.468300
  74.125502      -47.484600
  74.224199      -47.490799
  74.281603      -47.493200
  74.425100      -47.505600
  74.568502      -47.505600
  74.655703      -47.508699
  74.728003      -47.528099
  74.723402      -47.567799
  74.633902      -47.612000
  74.515699      -47.624399
  74.438803      -47.631399
  74.343599      -47.653099
  74.238001      -47.677200
  74.115202      -47.709700
  74.092302      -47.719799
  73.954599      -47.769300
  73.835199      -47.828100
  73.762899      -47.885199
  73.660803      -47.939999
  73.500101      -48.016300
  73.385401      -48.058599
  73.255701      -48.095600
  73.088102      -48.104000
  72.926302      -48.109400
  72.796602      -48.114799
  72.605001      -48.118599
  72.477602      -48.132500
  72.330702      -48.157799
  72.203402      -48.170799
  72.072500      -48.212299
  72.075201      -48.206999
  72.066000      -48.212299
  72.037302      -48.219999
  72.027002      -48.222300
  71.984503      -48.225399
  71.939802      -48.230799
  71.904200      -48.239199
  71.867502      -48.253000
  71.836500      -48.265200
  71.771101      -48.277500
  71.744699      -48.279800
  71.697599      -48.295900
  71.643702      -48.314999
  71.574900      -48.336399
  71.542700      -48.354000
  71.485399      -48.382299
  71.424601      -48.418200
  71.387800      -48.447300
  71.350000      -48.487700
  71.319002      -48.538799
  71.290300      -48.583000
  71.269701      -48.633900
  71.253599      -48.680300
  71.246702      -48.728899
  71.236403      -48.788099
  71.234102      -48.835100
  71.234102      -48.876699
  71.239801      -48.931999
  71.242102      -48.949299
  71.243299      -48.997700
  71.254702      -49.041500
  71.260500      -49.071600
  71.260500      -49.072399
  71.274202      -49.101799
  71.302900      -49.156000
  71.324701      -49.201099
  71.319002      -49.253000
  71.298300      -49.299500
  71.263903      -49.348299
  71.231802      -49.385799
  71.200800      -49.418699
  71.169802      -49.450899
  71.145700      -49.468800
  71.098700      -49.512199
  71.048201      -49.577200
  71.011499      -49.623400
  70.987402      -49.661400
  70.930002      -49.744799
  70.905901      -49.772999
  70.873800      -49.812399
  70.841700      -49.869499
  70.813002      -49.902899
  70.763601      -49.954000
  70.738401      -49.976200
  70.673002      -50.042000
  70.623602      -50.088600
  70.585802      -50.113600
  70.541002      -50.151300
  70.479101      -50.189600
  70.400999      -50.228600
  70.336802      -50.263899
  70.239202      -50.314699
  70.177301      -50.336000
  70.141703      -50.346199
  70.094702      -50.363100
  70.061399      -50.407900
  69.996000      -50.428400
  69.946600      -50.458500
  69.876600      -50.497999
  69.820402      -50.534599
  69.797503      -50.550699
  69.759600      -50.564600
  69.706800      -50.606899
  69.646002      -50.644100
  69.576002      -50.671099
  69.518602      -50.682800
  69.472700      -50.699600
  69.417700      -50.730900
  69.363703      -50.763699
  69.254702      -50.802900
  69.182402      -50.794199
  69.121599      -50.814600
  69.058500      -50.848700
  68.983900      -50.886499
  68.907103      -50.922800
  68.842802      -50.955400
  68.757902      -50.991600
  68.683302      -51.032200
  68.600702      -51.082800
  68.580000      -51.092199
  68.513502      -51.141300
  68.419401      -51.201199
  68.349401      -51.246500
  68.262201      -51.294800
  68.178400      -51.338600
  68.110701      -51.374599
  67.981100      -51.417599
  67.922503      -51.444899
  67.870901      -51.475700
  67.830702      -51.502199
  67.754999      -51.532999
  67.642599      -51.575899
  67.540503      -51.628799
  67.441801      -51.665899
  67.353399      -51.706600
  67.297201      -51.733000
  67.216902      -51.764999
  67.128500      -51.794899
  67.072302      -51.823299
  66.948400      -51.877399
  66.854300      -51.924200
  66.779699      -51.951899
  66.718901      -51.976000
  66.655802      -52.002199
  66.644503      -51.997599
  66.571001      -51.969200
  66.501001      -51.948700
  66.454000      -51.936600
  66.372499      -51.907499
  66.311701      -51.899700
  66.241701      -51.892599
  66.153299      -51.884100
  66.080999      -51.868500
  65.984602      -51.856400
  65.849199      -51.839300
  65.754000      -51.811600
  65.687403      -51.790300
  65.623102      -51.773899
  65.516401      -51.733299
  65.412001      -51.673399
  65.308702      -51.620499
  65.219202      -51.567699
  65.176702      -51.528999
  65.113600      -51.450199
  65.020700      -51.373400
  64.944902      -51.313799
  64.878401      -51.239599
  64.873800      -51.235300
  64.851999      -51.192799
  64.787703      -51.132900
  64.754400      -51.059900
  64.700502      -51.003399
  64.723402      -50.970100
  64.627001      -50.903400
  64.563902      -50.833000
  64.483603      -50.766100
  64.426203      -50.714300
  64.357401      -50.650200
  64.279303      -50.601999
  64.186399      -50.558899
  64.054399      -50.512100
  63.972902      -50.468899
  63.905199      -50.449099
  63.892599      -50.448399
  63.730803      -50.374300
  63.603399      -50.328800
  63.476000      -50.293499
  63.423201      -50.261900
  63.369303      -50.206699
  63.301600      -50.154400
  63.278601      -50.111599
  63.279802      -50.111599
  63.206301      -50.030300
  63.155802      -49.984499
  63.066301      -49.916300
  62.988302      -49.889700
  62.867800      -49.851799
  62.780600      -49.838499
  62.768000      -49.835499
  62.699102      -49.827299
  62.549902      -49.819899
  62.426001      -49.819199
  62.288301      -49.801300
  62.212500      -49.773899
  62.112700      -49.718100
  62.048403      -49.690500
  61.948603      -49.677099
  61.844202      -49.673399
  61.781000      -49.674200
  61.668600      -49.657000
  61.603201      -49.633200
  61.566401      -49.603399
  61.490702      -49.544399
  61.408102      -49.486900
  61.344999      -49.426300
  61.260000      -49.375299
  61.123503      -49.336399
  61.132700      -49.295099
  61.067202      -49.257500
  61.031702      -49.213200
  61.006399      -49.173300
  61.005301      -49.117599
  61.031702      -49.064899
  61.074102      -49.009800
  61.123503      -48.959200
  61.194601      -48.906300
  61.239401      -48.868399
  61.272699      -48.823700
  61.314001      -48.780500
  61.342699      -48.719000
  61.343801      -48.673500
  61.314001      -48.631599
  61.270399      -48.600399
  61.269201      -48.599699
  61.207300      -48.543299
  61.138399      -48.501400
  61.084501      -48.466299
  61.024801      -48.429600
  60.972002      -48.361599
  60.998400      -48.294300
  60.996099      -48.279699
  61.036303      -48.202299
  61.093599      -48.127100
  61.141802      -48.073999
  61.191202      -48.031700
  61.237101      -47.983200
  61.276102      -47.939299
  61.331202      -47.896000
  61.378202      -47.831200
  61.432199      -47.780899
  61.476900      -47.745300
  61.497602      -47.734499
  61.544600      -47.715900
  61.659403      -47.699600
  61.726000      -47.695799
  61.793699      -47.695000
  61.882002      -47.705799
  61.966902      -47.695799
  62.027800      -47.660099
  62.097799      -47.579399
  62.158602      -47.486900
  62.178102      -47.445700
  62.201101      -47.407499
  62.252703      -47.359999
  62.305502      -47.336599
  62.367502      -47.323299
  62.432901      -47.298300
  62.463900      -47.295200
  62.492502      -47.249899
  62.513201      -47.178699
  62.530401      -47.123999
  62.548800      -47.086300
  62.583200      -47.022800
  62.584299      -46.970200
  62.640600      -46.926199
  62.705999      -46.904200
  62.771402      -46.882900
  62.852900      -46.863300
  62.962999      -46.843599
  63.077803      -46.826199
  63.166201      -46.819199
  63.249903      -46.828600
  63.315401      -46.818399
  63.375002      -46.783699
  63.427801      -46.745100
  63.480600      -46.702400
  63.541403      -46.645599
  63.569002      -46.604500
  63.587301      -46.559299
  63.639002      -46.508699
  63.652700      -46.491999
  63.700899      -46.430899
  63.787001      -46.383299
  63.867300      -46.353899
  63.950003      -46.334099
  64.041800      -46.332500
  64.164602      -46.316599
  64.264402      -46.322100
  64.365400      -46.316599
  64.493902      -46.333300
  64.544401      -46.328499
  64.599501      -46.321299
  64.690203      -46.318199
  64.776201      -46.308599
  64.915102      -46.273600
  65.011499      -46.226599
  65.079203      -46.187599
  65.156099      -46.127800
  65.189302      -46.094299
  65.297201      -46.026300
  65.355803      -45.983999
  65.375299      -45.974400
  65.431501      -45.917500
  65.477400      -45.856600
  65.513002      -45.810900
  65.576101      -45.754700
  65.629999      -45.688799
  65.733301      -45.619499
  65.860701      -45.540600
  65.913500      -45.509899
  66.051203      -45.446899
  66.089102      -45.436399
  66.177401      -45.416199
  66.235903      -45.417799
  66.254301      -45.417799
  66.418402      -45.373400
  66.532000      -45.364500
  66.596300      -45.350700
  66.650202      -45.341799
  66.711000      -45.330500
  66.774202      -45.338600
  66.812002      -45.361200
  66.890100      -45.395199
  66.970400      -45.417799
  67.050699      -45.424299
  67.093203      -45.400099
  67.139101      -45.383099
  67.205603      -45.375000
  67.279100      -45.362099
  67.360601      -45.345100
  67.415602      -45.335400
  67.510900      -45.312700
  67.619902      -45.300499
  67.786303      -45.307800
  67.889601      -45.317499
>