>anchorPlateId 0
>reconstructionTime 0
>
>
>LargeIgneousProvince <identity>GPlates-187605d4-be39-4383-b3fe-87332aa67795</identity> <revision>GPlates-c05701fb-8b5e-4a70-8cf1-a75f8015d736</revision>
> name North_Atlantic_Igneous_Province
> description ContFloodBasalt
> shapefileAttributes KeyValueDictionary ( PLATEID1,  102) ( FROMAGE,  62) ( TOAGE,  -999) ( NAME,  North_Atlantic_Igneous_Province) ( DESCR,  ContFloodBasalt) ( MatlabAr,  306658) ( AgeRef,  Storey++_2007_ChemGeol) ( AgeMethod,  Ar/Ar) ( PBType,  Continental Rift) ( Dist2PB,  0) ( GPGIM_TYPE,  gpml:LargeIgneousProvince) ( FEATURE_ID,  GPlates-2e558205-1fb3-4534-89b6-d062f2ef0be9) ( TYPE,  VP) ( IMPORT_AGE,  0) ( PLATEID2,  0) ( RECON_METH,  ) ( L_PLATE,  0) ( R_PLATE,  0) ( SPREAD_ASY,  0)
> validTime TimePeriod <begin> TimeInstant <timePosition>62</timePosition></begin> <end> TimeInstant <timePosition>http://gplates.org/times/distantFuture</timePosition></end>
> reconstructionPlateId 102
> geometryImportTime TimeInstant <timePosition>0</timePosition>
> conjugatePlateId 0
> leftPlate 0
> rightPlate 0
> spreadingAsymmetry 0
  -19.499199      70.057402
  -19.532400      69.820402
  -19.844099      69.622900
  -20.393000      69.496000
  -20.888100      69.211401
  -21.284199      68.928602
  -21.707600      68.627703
  -22.373600      68.440802
  -22.909300      68.273001
  -23.970200      67.963499
  -25.062300      67.595800
  -26.239300      67.212603
  -27.154299      66.855303
  -28.059999      66.523600
  -28.893600      66.239801
  -29.652500      65.925100
  -30.747499      65.552702
  -31.448200      65.263903
  -31.958099      65.106901
  -32.560699      65.034002
  -33.265200      64.945101
  -33.812700      64.906099
  -34.138100      64.878702
  -34.647999      64.841402
  -35.201300      64.762800
  -35.553299      64.629000
  -35.717400      64.455999
  -35.823999      64.307802
  -35.737600      64.155600
  -35.988600      64.001699
  -36.312199      63.802500
  -36.524200      63.652903
  -36.546600      63.500200
  -36.479900      63.328699
  -36.599400      63.160402
  -36.709299      63.026400
  -36.893999      62.896502
  -37.216099      62.759501
  -37.556900      62.518301
  -37.847500      62.351103
  -38.492899      61.851301
  -38.963800      61.495901
  -39.456800      61.015699
  -39.968000      60.611902
  -40.381100      60.224600
  -40.846399      59.907602
  -41.275299      59.595503
  -41.721199      59.310701
  -42.095100      58.988901
  -42.612400      58.834600
  -43.337700      58.660700
  -43.921799      58.584902
  -44.224300      58.799601
  -44.397200      59.012899
  -44.424500      59.211702
  -44.411200      59.266500
  -44.005699      59.367300
  -43.362900      59.608801
  -42.915400      59.884901
  -42.542999      60.175100
  -42.277800      60.439100
  -42.092400      60.718302
  -41.912800      61.080301
  -41.745600      61.422003
  -41.599199      61.639902
  -41.415499      61.933100
  -41.093700      62.236902
  -40.840799      62.542101
  -40.606800      62.910002
  -40.106100      63.395399
  -39.806099      63.671103
  -39.421600      63.943800
  -39.294699      64.050802
  -38.999800      64.103502
  -38.623100      64.069002
  -38.326700      64.120302
  -37.827999      64.371702
  -37.257599      64.681601
  -36.914900      64.952200
  -36.608900      65.182302
  -36.446899      65.356302
  -36.331100      65.539602
  -35.929100      65.764402
  -35.638500      65.938501
  -35.077099      66.132502
  -34.396700      66.339003
  -33.990099      66.490202
  -33.253099      66.696699
  -32.416599      67.056601
  -31.976599      67.301500
  -31.538700      67.560301
  -30.971899      67.830202
  -29.253199      68.590601
  -27.024099      69.585402
  -25.289600      70.367300
  -24.760599      70.254202
  -24.117500      70.082300
  -23.345200      70.009901
  -22.569799      70.029600
  -22.110699      70.033102
  -21.520599      70.056200
  -21.095999      70.166300
  -20.751600      70.398703
  -20.609200      70.545202
  -20.714199      70.731001
  -20.868599      70.915201
  -20.940500      71.133699
  -20.906399      71.323999
  -21.268600      71.517202
  -21.428999      71.685400
  -21.666000      71.914000
  -21.694500      72.118299
  -21.417299      72.332800
  -21.288700      72.542101
  -21.052500      72.754499
  -20.710100      72.985201
  -20.219999      73.124399
  -19.429800      73.190302
  -18.601999      73.348001
  -17.804699      73.454599
  -17.062099      73.620199
  -16.257000      73.861902
  -15.429100      74.116102
  -14.459299      74.398100
  -13.812399      74.599401
  -13.033199      74.766401
  -12.301800      74.900000
  -11.377199      75.028402
  -10.393999      75.089201
  -9.321199      75.206602
  -8.444199      75.403902
  -7.481800      75.595701
  -6.833200      75.747900
  -6.279299      75.823099
  -6.226000      75.694502
  -7.025999      75.501699
  -7.615400      75.315901
  -8.237299      75.161501
  -9.146000      75.013300
  -9.685799      74.837801
  -9.842600      74.715700
  -10.452200      74.650301
  -10.834200      74.532103
  -11.220200      74.366301
  -11.475199      74.245001
  -12.133699      74.066301
  -12.834000      73.886202
  -13.630999      73.688902
  -14.409399      73.488501
  -15.118999      73.395201
  -15.881300      73.377600
  -16.718599      73.105501
  -17.110199      72.850702
  -17.381300      72.565001
  -17.536299      72.249002
  -17.803099      72.025499
  -18.442499      71.700701
  -18.854599      71.330999
  -19.243500      70.929201
  -19.496599      70.608301
  -19.553499      70.276300
  -19.499199      70.057402
>