>anchorPlateId 0
>reconstructionTime 0
>Ontong.gpml Hess.gpml broken_ridge.gpml centralKerguelen.gpml northKerguelen.gpml Manihiki.gpml Africa.gpml Shatsky.gpml elan.gpml madagascar.gpml southernKerguelen.gpml conrad.gpml Agrentine.gpml iceland.gpml Hikurangi2.gpml delCano.gpml Hikurangi.gpml antarctic.gpml MendelevRidge2.gpml MendelevRidge.gpml chagon.gpml
>
>LargeIgneousProvince <identity>GPlates-85200e51-5a0d-42d9-81a4-1598b0720048</identity> <revision>GPlates-a1f7fbd5-ee37-43d9-ac85-f60054232569</revision>
> name ONTONG PLATEAU
> description 
> shapefileAttributes KeyValueDictionary ( PLATEID1,  901) ( TYPE,  VP) ( FROMAGE,  120) ( TOAGE,  0) ( NAME,  ONTONG PLATEAU) ( DESCR,  ) ( GPGIM_TYPE,  gpml:LargeIgneousProvince) ( FEATURE_ID,  GPlates-0566a0a3-e6c4-41f2-a99b-d93d5011ecbd) ( REF,  EarthByte Database) ( PLATEID2,  0) ( RECON_METH,  ) ( L_PLATE,  0) ( R_PLATE,  0) ( SPREAD_ASY,  0) ( IMPORT_AGE,  0)
> validTime TimePeriod <begin> TimeInstant <timePosition>120</timePosition></begin> <end> TimeInstant <timePosition>0</timePosition></end>
> reconstructionPlateId 901
> geometryImportTime TimeInstant <timePosition>0</timePosition>
> conjugatePlateId 0
> leftPlate 0
> rightPlate 0
> spreadingAsymmetry 0
  158.432001       5.528700
  158.477701       5.482901
  158.525702       5.414103
  158.571402       5.329401
  158.589701       5.272100
  158.649099       5.155199
  158.729101       5.123201
  158.809099       5.129999
  158.841101       5.182699
  158.879999       5.251501
  158.969103       5.292700
  159.035402       5.334002
  159.101702       5.411802
  159.193102       5.407301
  159.389700       5.416403
  159.451403       5.437002
  159.565702       5.423300
  159.652601       5.437002
  159.732599       5.457701
  159.830900       5.469103
  159.924601       5.466803
  159.979403       5.418699
  159.977102       5.329401
  159.956602       5.262899
  159.899401       5.180403
  159.865103       5.077299
  159.853701       5.022303
  159.892599       4.946699
  159.956602       4.900801
  160.041101       4.848101
  160.141703       4.875601
  160.201101       4.921400
  160.306299       4.953501
  160.411402       5.001699
  160.544001       5.049803
  160.656000       5.088800
  160.756601       5.111700
  160.857100       5.143801
  160.891401       5.127703
  161.026300       5.159800
  161.177099       5.143801
  161.360003       5.125402
  161.558901       5.132299
  161.664000       5.120901
  161.753099       5.088800
  161.771402       5.081900
  161.878901       4.981001
  161.981703       4.884802
  162.052603       4.799902
  162.070902       4.717402
  162.116602       4.630201
  162.150801       4.469702
  162.139402       4.368700
  162.116602       4.233301
  162.093702       4.143801
  162.061701       4.017599
  162.041101       3.886801
  162.004602       3.767401
  161.974901       3.682402
  161.931402       3.576799
  161.922300       3.468801
  161.995401       3.404501
  161.990900       3.333300
  162.013700       3.197802
  161.990900       3.073702
  161.952002       2.963400
  161.906301       2.896799
  161.876600       2.798002
  161.867399       2.717501
  161.920000       2.669302
  162.002302       2.724401
  162.080000       2.784201
  162.160002       2.871500
  162.219400       2.883001
  162.258303       2.800303
  162.191999       2.692202
  162.171400       2.563501
  162.187403       2.402601
  162.201101       2.368101
  162.260599       2.310602
  162.326902       2.299101
  162.445700       2.266901
  162.614901       2.230101
  162.724600       2.177301
  162.754301       2.066900
  162.708601       1.882902
  162.635401       1.731100
  162.544001       1.600000
  162.445700       1.439001
  162.365702       1.349302
  162.249102       1.238802
  162.112001       1.126101
  161.995401       0.978903
  161.883402       0.891401
  161.819403       0.716600
  161.730303       0.424402
  161.629702       0.240301
  161.618299       0.212702
  161.584002      -0.008200
  161.552000      -0.114100
  161.572599      -0.194599
  161.629702      -0.231400
  161.650301      -0.321199
  161.648001      -0.433899
  161.661699      -0.498400
  161.677702      -0.562799
  161.709700      -0.624899
  161.702902      -0.714699
  161.652601      -0.765299
  161.645700      -0.799799
  161.716600      -0.792900
  161.803400      -0.781399
  161.835402      -0.838900
  161.872000      -0.903299
  161.892599      -0.937799
  161.888002      -0.995399
  161.785101      -0.988499
  161.728003      -0.967699
  161.675402      -0.960800
  161.629702      -0.960800
  161.586302      -0.990799
  161.545099      -1.011499
  161.488001      -1.020700
  161.499399      -1.071299
  161.540602      -1.112700
  161.615999      -1.151800
  161.705099      -1.133400
  161.808001      -1.126499
  161.888002      -1.103500
  161.958902      -1.094299
  162.059401      -1.119600
  162.176001      -1.135700
  162.246901      -1.170200
  162.281099      -1.262199
  162.278902      -1.363499
  162.272001      -1.524500
  162.221701      -1.618799
  162.219400      -1.680899
  162.285700      -1.729200
  162.361101      -1.763699
  162.425100      -1.745300
  162.480001      -1.786699
  162.578302      -1.784399
  162.710802      -1.724600
  162.832003      -1.713100
  162.875402      -1.713100
  163.037703      -1.745300
  163.062902      -1.775200
  163.078901      -1.805099
  163.161100      -1.805099
  163.204599      -1.846500
  163.174902      -1.894800
  163.200003      -1.947699
  163.163401      -2.025900
  163.094801      -2.099400
  163.014902      -2.150000
  162.912001      -2.195999
  162.827402      -2.209799
  162.692602      -2.294899
  162.603399      -2.377699
  162.580603      -2.444300
  162.601103      -2.511000
  162.733702      -2.531700
  162.793100      -2.504099
  162.841101      -2.499500
  162.953100      -2.439699
  163.069700      -2.375399
  163.140600      -2.315599
  163.200003      -2.258099
  163.286802      -2.205200
  163.355402      -2.246599
  163.350901      -2.370800
  163.318800      -2.490299
  163.284601      -2.612099
  163.318800      -2.699499
  163.392000      -2.752399
  163.410299      -2.766199
  163.455999      -2.798300
  163.531401      -2.874199
  163.572599      -2.947699
  163.586302      -3.028099
  163.600000      -3.099400
  163.645700      -3.131500
  163.682302      -3.166000
  163.629702      -3.207399
  163.590902      -3.234900
  163.568003      -3.336000
  163.547400      -3.368200
  163.515402      -3.459999
  163.638903      -3.469200
  163.737101      -3.469200
  163.826300      -3.437099
  163.897100      -3.400299
  163.986300      -3.347500
  164.091402      -3.319899
  164.125700      -3.287800
  164.173700      -3.239500
  164.217100      -3.193600
  164.244600      -3.198200
  164.333700      -3.205000
  164.397699      -3.161400
  164.429701      -3.099400
  164.459402      -3.041899
  164.514299      -3.002899
  164.601103      -3.002899
  164.665102      -3.000599
  164.706301      -2.943100
  164.765699      -2.947699
  164.829702      -2.940800
  164.868601      -2.858099
  164.889101      -2.832800
  164.980600      -2.848900
  165.026300      -2.881100
  165.037703      -2.993700
  164.982801      -3.090200
  164.927999      -3.122299
  164.832003      -3.182100
  164.806902      -3.221100
  164.882299      -3.230299
  164.953100      -3.230299
  164.994303      -3.264799
  165.046900      -3.333700
  165.081102      -3.388800
  165.154303      -3.358999
  165.174902      -3.308399
  165.202299      -3.262499
  165.264002      -3.198200
  165.284601      -3.149900
  165.442301      -3.154499
  165.517702      -3.163700
  165.620600      -3.175200
  165.709700      -3.211899
  165.785101      -3.262499
  165.856001      -3.246399
  165.990900      -3.253300
  166.086901      -3.290100
  166.187403      -3.290100
  166.265100      -3.223400
  166.308599      -3.218800
  166.370302      -3.188999
  166.450300      -3.113199
  166.514299      -3.014299
  166.589701      -2.876499
  166.669703      -2.752399
  166.740602      -2.621300
  166.774900      -2.499500
  166.836599      -2.382299
  166.870802      -2.290300
  166.955400      -2.200600
  167.003401      -2.143099
  167.037703      -2.044300
  167.099401      -1.945400
  167.206800      -1.793600
  167.332602      -1.733799
  167.506300      -1.650999
  167.625101      -1.625700
  167.819403      -1.655600
  167.915400      -1.653299
  168.032000      -1.667099
  168.212603      -1.715399
  168.326902      -1.754499
  168.425100      -1.786699
  168.592001      -1.851099
  168.726900      -1.897100
  168.795401      -1.931599
  169.026300      -2.005199
  169.152002      -2.035099
  169.284601      -2.074200
  169.419401      -2.124699
  169.586302      -2.154600
  169.746302      -2.200600
  169.901701      -2.221300
  169.981703      -2.191399
  170.100599      -2.200600
  170.141703      -2.290300
  170.205702      -2.453499
  170.281099      -2.543200
  170.374800      -2.658100
  170.443399      -2.784500
  170.514299      -2.897200
  170.569101      -3.037300
  170.608000      -3.078699
  170.715403      -3.122299
  170.843401      -3.101700
  170.946302      -3.053400
  171.060602      -3.014299
  171.179399      -2.975300
  171.337099      -2.949999
  171.504000      -3.069500
  171.556601      -3.182100
  171.563402      -3.354399
  171.590902      -3.515200
  171.707399      -3.705799
  171.853701      -3.770100
  171.977102      -3.802200
  172.091402      -3.884899
  172.107401      -4.027199
  172.116602      -4.268099
  172.116602      -4.387499
  172.121099      -4.469999
  172.073202      -4.582399
  172.009100      -4.676500
  171.938299      -4.719999
  171.878901      -4.749899
  171.881102      -4.800299
  171.837702      -4.969900
  171.755400      -5.178499
  171.648001      -5.274799
  171.588602      -5.359499
  171.570299      -5.485500
  171.538301      -5.721399
  171.455999      -5.808399
  171.270903      -5.858700
  171.092600      -5.918200
  170.980600      -5.963999
  170.825102      -5.959400
  170.672003      -5.993799
  170.498301      -6.014399
  170.420603      -6.023500
  170.228601      -6.073799
  170.043402      -6.128799
  169.830900      -6.202000
  169.686899      -6.300299
  169.613703      -6.366600
  169.508600      -6.428400
  169.426302      -6.467199
  169.268602      -6.533499
  169.092600      -6.549500
  168.966902      -6.638699
  168.834299      -6.709499
  168.667402      -6.805500
  168.317701      -6.780399
  168.139402      -6.755199
  167.952002      -6.791800
  167.755400      -6.782600
  167.547400      -6.812300
  167.348600      -6.784899
  167.197702      -6.782600
  167.069700      -6.775799
  166.982801      -6.755199
  166.886900      -6.714100
  166.788603      -6.718700
  166.701700      -6.782600
  166.733702      -6.864899
  166.857100      -6.969900
  166.905100      -6.997400
  166.987402      -7.049900
  167.053701      -7.104700
  167.152002      -7.152599
  167.227400      -7.234800
  167.188601      -7.332899
  167.163401      -7.355799
  167.072001      -7.424200
  166.893702      -7.501799
  166.845701      -7.526899
  166.877703      -7.613499
  166.980600      -7.704700
  167.087999      -7.764000
  167.179399      -7.793699
  167.316603      -7.734400
  167.401102      -7.702499
  167.501699      -7.679699
  167.597700      -7.638599
  167.760000      -7.556499
  167.860601      -7.540499
  168.011400      -7.556499
  168.064001      -7.574799
  168.157701      -7.620399
  168.228601      -7.702499
  168.313101      -7.864300
  168.379400      -7.969099
  168.438902      -8.105799
  168.496000      -8.201500
  168.571402      -8.281200
  168.637701      -8.354000
  168.685701      -8.547499
  168.660601      -8.638500
  168.589701      -8.747599
  168.468599      -8.781799
  168.320002      -8.745399
  168.182901      -8.711300
  168.059401      -8.674900
  167.894899      -8.599800
  167.787401      -8.570200
  167.625101      -8.549799
  167.437700      -8.517900
  167.284601      -8.533800
  167.060602      -8.513300
  166.868601      -8.488300
  166.708601      -8.465599
  166.537100      -8.420000
  166.294901      -8.347200
  166.191999      -8.315300
  165.977102      -8.242500
  165.908602      -8.233400
  165.675402      -8.331299
  165.385099      -8.420000
  165.115400      -8.513300
  164.969103      -8.636200
  164.754301      -8.772699
  164.596601      -8.893099
  164.464003      -8.954500
  164.361101      -8.981800
  164.185202      -9.029499
  163.972601      -9.099899
  163.878901      -9.143099
  163.723402      -9.170399
  163.579401      -9.179399
  163.446901      -9.184000
  163.318800      -9.163500
  163.138300      -9.218100
  163.017099      -9.261200
  162.852602      -9.408800
  162.676600      -9.526800
  162.523401      -9.572100
  162.404600      -9.569899
  162.372602      -9.581200
  162.304003      -9.533600
  162.260599      -9.433699
  162.228601      -9.306599
  162.210302      -9.193100
  162.203402      -9.118099
  162.160002      -9.002199
  162.118902      -8.954500
  162.059401      -8.861300
  161.990900      -8.804499
  161.924601      -8.747599
  161.869699      -8.706699
  161.796602      -8.679399
  161.741701      -8.636200
  161.691401      -8.604399
  161.638903      -8.542900
  161.584002      -8.470100
  161.513102      -8.408699
  161.389700      -8.360899
  161.298300      -8.317600
  161.284601      -8.294800
  161.245703      -8.212900
  161.172602      -8.060299
  161.126902      -8.030699
  161.087999      -7.941799
  161.044600      -7.871199
  160.948603      -7.768600
  160.909700      -7.727499
  160.827402      -7.638599
  160.763399      -7.581600
  160.667402      -7.531399
  160.576002      -7.472099
  160.477701      -7.412800
  160.390902      -7.373999
  160.292601      -7.335199
  160.185202      -7.289600
  160.171400      -7.296400
  159.961100      -7.198299
  159.881102      -7.152599
  159.789701      -7.109200
  159.707399      -7.079599
  159.588602      -7.008799
  159.529100      -6.983599
  159.442301      -6.935699
  159.369101      -6.899099
  159.312002      -6.889999
  159.238901      -6.798599
  159.140600      -6.732399
  159.065100      -6.675200
  158.985102      -6.611200
  158.877703      -6.588400
  158.777102      -6.565500
  158.649099      -6.538099
  158.537100      -6.526699
  158.489100      -6.519800
  158.393103      -6.531200
  158.262800      -6.501499
  158.203402      -6.508400
  158.105101      -6.494699
  158.041101      -6.464899
  157.933702      -6.444399
  157.819403      -6.423800
  157.673101      -6.410099
  157.568003      -6.380299
  157.462900      -6.371199
  157.392000      -6.368900
  157.286802      -6.375799
  157.142900      -6.348299
  157.014902      -6.345999
  156.902903      -6.332300
  156.701700      -6.277399
  156.509703      -6.174500
  156.411402      -6.130999
  156.333700      -6.115000
  156.297102      -6.085300
  156.139402      -5.938799
  156.048002      -5.840399
  155.901701      -5.764900
  155.801100      -5.693899
  155.654802      -5.597700
  155.579401      -5.531300
  155.522303      -5.451199
  155.435400      -5.361799
  155.341700      -5.267900
  155.282301      -5.210600
  155.250299      -5.164799
  155.190901      -5.063900
  155.158899      -4.997499
  155.094801      -4.837000
  155.044600      -4.697100
  155.005701      -4.630600
  154.950899      -4.536600
  154.900602      -4.476900
  154.809099      -4.366800
  154.742903      -4.313999
  154.685701      -4.236000
  154.637701      -4.153400
  154.557699      -4.068499
  154.509703      -3.988199
  154.438902      -3.887100
  154.386301      -3.822899
  154.315401      -3.749399
  154.219400      -3.650700
  154.132601      -3.602400
  154.052603      -3.563400
  153.988600      -3.528900
  153.899401      -3.464600
  153.858301      -3.423300
  153.803400      -3.365900
  153.798903      -3.361300
  153.739401      -3.267099
  153.721102      -3.193600
  153.709700      -3.108599
  153.691401      -3.046499
  153.689100      -2.991400
  153.698301      -2.887999
  153.696001      -2.805199
  153.673101      -2.738600
  153.654802      -2.683399
  153.638903      -2.602999
  153.613703      -2.476500
  153.558901      -2.407600
  153.504000      -2.363899
  153.396601      -2.310999
  153.318800      -2.267300
  153.234301      -2.225899
  153.142900      -2.186800
  153.056002      -2.143099
  153.019400      -2.051199
  152.930300      -1.982199
  152.891401      -1.901699
  152.836599      -1.809700
  152.797701      -1.706200
  152.733702      -1.595800
  152.681101      -1.545200
  152.617102      -1.506100
  152.528002      -1.423300
  152.498301      -1.397999
  152.438902      -1.351900
  152.354300      -1.308199
  152.285700      -1.259899
  152.210302      -1.206999
  152.173700      -1.158699
  152.146299      -1.085100
  152.112001      -1.027599
  152.059401      -0.953899
  152.006903      -0.882599
  151.956602      -0.760700
  151.938299      -0.684700
  151.920000      -0.597300
  151.892599      -0.484600
  151.858301      -0.424700
  151.823999      -0.403999
  151.760000      -0.305099
  151.796602      -0.256800
  151.908602      -0.217600
  151.979403      -0.242899
  152.073202      -0.305099
  152.162302      -0.305099
  152.251402      -0.344200
  152.313101      -0.371799
  152.381701      -0.369499
  152.518900      -0.427000
  152.576002      -0.408600
  152.681101      -0.408600
  152.765699      -0.427000
  152.832003      -0.445400
  152.893702      -0.491499
  153.001101      -0.555899
  153.065100      -0.588100
  153.149702      -0.618000
  153.213701      -0.622599
  153.282301      -0.606499
  153.316603      -0.574299
  153.369101      -0.509899
  153.412600      -0.403999
  153.426302      -0.307400
  153.412600      -0.196899
  153.380602      -0.132500
  153.353102      -0.028799
  153.280001       0.118299
  153.261702       0.208101
  153.241102       0.300100
  153.243402       0.385202
  153.268602       0.426702
  153.236601       0.475000
  153.145102       0.502600
  153.058302       0.590002
  153.010302       0.626802
  152.932600       0.647600
  152.848001       0.640699
  152.765699       0.737303
  152.710901       0.778700
  152.555403       0.815500
  152.418303       0.790201
  152.361101       0.764902
  152.294901       0.712000
  152.226301       0.686701
  152.198900       0.721201
  152.212603       0.804003
  152.242300       0.907602
  152.242300       1.022600
  152.272001       1.110003
  152.351999       1.156000
  152.409101       1.197401
  152.477701       1.236502
  152.537100       1.273401
  152.585100       1.323999
  152.651400       1.393000
  152.708601       1.439001
  152.756601       1.478102
  152.784002       1.514902
  152.804602       1.581602
  152.752001       1.629900
  152.681101       1.662100
  152.596601       1.698900
  152.496000       1.765600
  152.466299       1.827700
  152.445700       1.873701
  152.468599       1.988703
  152.473101       2.034700
  152.493700       2.158899
  152.507402       2.209402
  152.532602       2.301401
  152.491400       2.409502
  152.500601       2.515200
  152.480001       2.600302
  152.475401       2.689901
  152.470900       2.729002
  152.452600       2.804800
  152.443399       2.883001
  152.420603       2.940401
  152.418303       2.986403
  152.432001       3.018602
  152.477701       3.027800
  152.518900       2.990999
  152.539400       2.908300
  152.546301       2.837000
  152.562300       2.731302
  152.603399       2.655401
  152.621702       2.600302
  152.646902       2.549700
  152.692602       2.464701
  152.724600       2.391100
  152.745100       2.333601
  152.756601       2.306002
  152.786303       2.294500
  152.832003       2.306002
  152.918901       2.342802
  152.978300       2.370401
  153.046900       2.407202
  153.117701       2.464701
  153.184000       2.517500
  153.241102       2.572702
  153.275400       2.646299
  153.296000       2.715200
  153.334902       2.779600
  153.344000       2.850801
  153.348600       2.961100
  153.341700       3.023199
  153.318800       3.119699
  153.309702       3.186300
  153.314302       3.296602
  153.325701       3.418303
  153.337099       3.464300
  153.350901       3.494101
  153.392000       3.528601
  153.405703       3.611200
  153.385099       3.721502
  153.357702       3.829401
  153.344000       3.898199
  153.346300       3.967100
  153.350901       4.086500
  153.380602       4.178301
  153.405703       4.251699
  153.465101       4.371000
  153.572599       4.469702
  153.622900       4.513300
  153.700602       4.556803
  153.821699       4.605001
  153.954302       4.623400
  154.082300       4.655500
  154.143999       4.717402
  154.228601       4.806803
  154.301702       4.850401
  154.402300       4.871000
  154.509703       4.868700
  154.612600       4.836599
  154.706301       4.829702
  154.770300       4.891600
  154.809099       4.974199
  154.868601       5.086500
  154.909700       5.116301
  154.966902       5.123201
  155.019400       5.157499
  155.058302       5.237700
  155.085699       5.301901
  155.117701       5.370600
  155.154303       5.448500
  155.188601       5.510302
  155.213701       5.569902
  155.247999       5.620302
  155.293699       5.698099
  155.323400       5.746202
  155.401102       5.789701
  155.446901       5.801100
  155.565702       5.817202
  155.613703       5.753099
  155.627401       5.686701
  155.645700       5.597403
  155.682302       5.482901
  155.691401       5.418699
  155.698301       5.343100
  155.698301       5.249201
  155.698301       5.201101
  155.730303       5.150602
  155.789701       5.045202
  155.819403       4.976500
  155.828600       4.896200
  155.842302       4.761000
  155.860601       4.639402
  155.869699       4.570601
  155.894899       4.481100
  155.931402       4.453600
  156.009100       4.448999
  156.050303       4.472002
  156.109701       4.483400
  156.162302       4.446699
  156.212603       4.426100
  156.304003       4.478800
  156.342802       4.554502
  156.363401       4.701300
  156.345102       4.797602
  156.342802       4.882502
  156.331400       4.974199
  156.363401       5.056700
  156.377100       5.162100
  156.372602       5.269800
  156.386301       5.324800
  156.404600       5.372900
  156.432001       5.368299
  156.454901       5.283503
  156.480001       5.235399
  156.521101       5.240000
  156.557699       5.301901
  156.571402       5.391199
  156.566900       5.489702
  156.619402       5.535501
  156.678900       5.544703
  156.806902       5.581301
  156.882299       5.599703
  156.989702       5.592802
  157.074301       5.579000
  157.168001       5.588202
  157.277700       5.572203
  157.382902       5.547003
  157.442301       5.533201
  157.529100       5.512602
  157.643400       5.567602
  157.702902       5.604200
  157.762300       5.638601
  157.796602       5.698099
  157.787401       5.789701
  157.782900       5.881201
  157.801100       5.924700
  157.840002       5.963602
  157.920000       5.938501
  158.020601       5.817202
  158.066301       5.741602
  158.130301       5.682100
  158.198900       5.661501
  158.317701       5.611101
  158.365702       5.579000
  158.432001       5.528700
>