>anchorPlateId 0
>reconstructionTime 0
>WestPacificLIP.gpml Tutamounts_seamounts.gpml CoralSeaLIP.gpml PacificSeaMounts_b.gpml PacificSeaMounts_a.gpml PacificSeaMounts_c.gpml CanningBasin.gpml Kerguelen_plateau.gpml NorthAtlanticLIP.gpml
>Global_EB_250-0Ma_GK07_Matthews++.rot Global_EB_410-250Ma_GK07_Matthews++.rot Global_EB_410-250Ma_GK07_Matthews++.rot Global_EB_250-0Ma_GK07_Matthews++.rot
>UnclassifiedFeature <identity>GPlates-e3a2fa68-75af-49e3-bd60-0bfd089ad5b9</identity> <revision>GPlates-da9d64dd-5eea-401c-b571-b65ac3bee21a</revision>
> reconstructionPlateId 901
> validTime TimePeriod <begin> TimeInstant <timePosition>80</timePosition></begin> <end> TimeInstant <timePosition>0</timePosition></end>
> name 
> description 
> conjugatePlateId 0
> spreadingAsymmetry 0
> leftPlate 0
> rightPlate 0
> geometryImportTime TimeInstant <timePosition>0</timePosition>
> shapefileAttributes KeyValueDictionary ( contour,  166776) ( PLATEID1,  901) ( FROMAGE,  80) ( TOAGE,  0) ( NAME,  ) ( DESCR,  ) ( PLATEID2,  0) ( GPGIM_TYPE,  gpml:UnclassifiedFeature) ( FEATURE_ID,  GPlates-7acfb61f-d42b-4128-b4b9-9f22286c74ea) ( RECON_METH,  ) ( L_PLATE,  0) ( R_PLATE,  0) ( SPREAD_ASY,  0) ( IMPORT_AGE,  0) ( TYPE,  )
  -155.885004      -0.401758
  -155.882133      -0.539550
  -155.931700      -0.521299
  -155.936300      -0.548899
  -155.922600      -0.585699
  -155.872299      -0.659399
  -155.783100      -0.753700
  -155.730600      -0.850399
  -155.771700      -0.900999
  -155.833399      -0.914799
  -155.934000      -0.873400
  -155.997999      -0.813599
  -156.025400      -0.744499
  -156.071199      -0.647900
  -156.164900      -0.456900
  -156.226599      -0.355600
  -156.320400      -0.307299
  -156.386700      -0.247400
  -156.414099      -0.180700
  -156.420900      -0.095499
  -156.418699      -0.008099
  -156.464399       0.017000
  -156.478100       0.065001
  -156.578699       0.175901
  -156.718199       0.224199
  -156.825600       0.286402
  -156.898800       0.392202
  -156.967300       0.514200
  -157.033600       0.633902
  -157.093100       0.721300
  -157.164000       0.797300
  -157.221100       0.930700
  -157.289700       1.034300
  -157.433699       1.119402
  -157.536600       1.181501
  -157.598299       1.271299
  -157.650900       1.335699
  -157.717199       1.308100
  -157.790300       1.342600
  -157.925200       1.448400
  -158.037199       1.517401
  -158.133200       1.515100
  -158.265800       1.439199
  -158.414400       1.342600
  -158.542400       1.275900
  -158.750500       1.305799
  -158.928799       1.351801
  -159.054499       1.400103
  -159.180199       1.439199
  -159.278500       1.453001
  -159.344799       1.473700
  -159.388300       1.503599
  -159.372299       1.561201
  -159.280800       1.565802
  -159.155100       1.586500
  -159.134499       1.621000
  -159.150499       1.683100
  -159.077400       1.708403
  -158.956200       1.641703
  -158.821299       1.611799
  -158.661299       1.552000
  -158.540100       1.531202
  -158.409800       1.515100
  -158.327499       1.535902
  -158.238400       1.579599
  -158.188099       1.614100
  -158.243000       1.685400
  -158.437300       1.731401
  -158.594999       1.747499
  -158.713900       1.782000
  -158.809900       1.786600
  -158.903599       1.800402
  -158.963100       1.841803
  -159.006500       1.897001
  -159.006500       1.915400
  -158.887600       1.897001
  -158.780199       1.892401
  -158.706999       1.903902
  -158.663599       1.952200
  -158.649900       1.975203
  -158.695599       2.030401
  -158.693300       2.080999
  -158.594999       2.028101
  -158.483000       1.979799
  -158.384699       1.979799
  -158.313799       1.986700
  -158.272699       2.011999
  -158.325300       2.069502
  -158.478399       2.166101
  -158.617899       2.255800
  -158.757299       2.299501
  -158.837299       2.283400
  -158.960800       2.283400
  -159.036200       2.311003
  -159.111599       2.304102
  -159.219099       2.260401
  -159.344799       2.193701
  -159.406599       2.228201
  -159.466000       2.235102
  -159.529999       2.205202
  -159.635099       2.161501
  -159.733400       2.191401
  -159.756300       2.262701
  -159.747200       2.340902
  -159.760899       2.432802
  -159.806599       2.520201
  -159.863800       2.603003
  -159.923199       2.649000
  -159.927799       2.697203
  -159.902599       2.733999
  -159.765499       2.763903
  -159.619099       2.809900
  -159.655699       2.848902
  -159.758600       2.878801
  -159.776899       2.913301
  -159.772299       2.959299
  -159.847700       2.993700
  -159.980299       2.993700
  -160.048899       2.993700
  -160.090099       3.078802
  -160.067200       3.179899
  -160.000900       3.196001
  -159.840900       3.168402
  -159.770000       3.156900
  -159.722000       3.177603
  -159.694599       3.251101
  -159.692299       3.281000
  -159.763199       3.361403
  -159.785999       3.460199
  -159.868299       3.476202
  -160.005499       3.372900
  -160.131199       3.320002
  -160.199799       3.292501
  -160.250099       3.354502
  -160.259199       3.471701
  -160.284399       3.598001
  -160.268400       3.643900
  -160.151800       3.648500
  -159.982599       3.655401
  -159.888899       3.643900
  -159.815800       3.616400
  -159.772299       3.632402
  -159.731199       3.692202
  -159.728899       3.740400
  -159.811199       3.795500
  -159.895800       3.846003
  -159.980299       3.958502
  -159.948299       3.974600
  -159.996300       4.087099
  -160.069500       4.103102
  -160.119799       4.139902
  -160.188400       4.133001
  -160.229500       4.077902
  -160.215799       4.011301
  -160.243200       3.947001
  -160.311800       3.924101
  -160.391800       3.928701
  -160.442099       3.999800
  -160.444399       4.080202
  -160.412399       4.160501
  -160.352999       4.176600
  -160.261499       4.183500
  -160.243200       4.220201
  -160.245499       4.328100
  -160.309500       4.396902
  -160.394100       4.401503
  -160.428400       4.449701
  -160.483299       4.442801
  -160.524399       4.367102
  -160.604399       4.367102
  -160.725599       4.406099
  -160.810200       4.445101
  -160.919899       4.507002
  -161.022800       4.591902
  -161.047899       4.688200
  -161.073099       4.775400
  -161.153099       4.869402
  -161.260500       4.864801
  -161.413700       4.825800
  -161.518799       4.789202
  -161.591999       4.729502
  -161.614899       4.658400
  -161.619400       4.490999
  -161.633099       4.328100
  -161.715399       4.268400
  -161.795399       4.295900
  -161.852600       4.424402
  -161.914299       4.552900
  -161.934900       4.642401
  -161.930300       4.720400
  -161.866299       4.812101
  -161.756599       4.913000
  -161.619400       4.972601
  -161.507399       5.023001
  -161.436499       5.080301
  -161.482300       5.098700
  -161.704000       5.018400
  -161.873199       4.970301
  -161.996599       4.993200
  -162.136099       5.064302
  -162.286900       5.146799
  -162.380699       5.197203
  -162.396700       5.275103
  -162.346399       5.359900
  -162.250399       5.451601
  -162.195499       5.536303
  -162.195499       5.593599
  -162.277800       5.614202
  -162.357800       5.627901
  -162.424099       5.705801
  -162.451500       5.813402
  -162.499500       5.953001
  -162.528664       6.012794
  -162.405621       6.682695
  -162.307499       6.680403
  -162.362400       6.753500
  -162.396700       6.840403
  -162.371500       6.924902
  -162.332699       6.997999
  -162.261799       7.087000
  -162.147499       7.196600
  -162.035500       7.285700
  -161.909700       7.333601
  -161.795399       7.381502
  -161.683399       7.415800
  -161.537100       7.434000
  -161.374800       7.427202
  -161.313099       7.427202
  -161.287899       7.495600
  -161.265099       7.545801
  -161.143900       7.586901
  -161.031900       7.612001
  -160.977100       7.575502
  -161.002199       7.436300
  -161.047899       7.299402
  -161.041100       7.198900
  -161.022800       7.096201
  -160.977100       7.055101
  -160.910799       7.059603
  -160.855900       7.103003
  -160.803299       7.176100
  -160.759899       7.244600
  -160.702700       7.299402
  -160.622700       7.322203
  -160.512999       7.308500
  -160.448999       7.285700
  -160.400999       7.210302
  -160.357500       7.116701
  -160.295799       7.098501
  -160.254700       7.150999
  -160.142599       7.135000
  -160.083200       7.096201
  -160.021500       7.020800
  -159.996300       6.929399
  -160.023800       6.854101
  -160.140400       6.799200
  -160.222700       6.817499
  -160.295799       6.824400
  -160.334700       6.785501
  -160.375799       6.746702
  -160.426100       6.707800
  -160.469500       6.705500
  -160.499300       6.666700
  -160.448999       6.621000
  -160.389500       6.600401
  -160.298100       6.531801
  -160.272900       6.463202
  -160.270700       6.396902
  -160.238699       6.332899
  -160.197500       6.273401
  -160.165499       6.211599
  -160.165499       6.133802
  -160.188400       6.019400
  -160.174700       5.948500
  -160.154449       5.936579
  -160.095708       5.713362
  -160.108400       5.701200
  -160.074099       5.582102
  -160.101500       5.536303
  -160.188400       5.476801
  -160.252399       5.419500
  -160.204399       5.389700
  -160.156399       5.359900
  -160.085499       5.275103
  -160.062599       5.327803
  -160.046600       5.428701
  -160.019199       5.511103
  -159.955200       5.511103
  -159.836300       5.435499
  -159.731199       5.392000
  -159.580299       5.369101
  -159.459099       5.334700
  -159.379099       5.268301
  -159.278500       5.183500
  -159.159700       5.087202
  -159.004200       4.997801
  -158.901300       4.965700
  -158.866999       4.896902
  -158.862499       4.809801
  -158.917299       4.745600
  -158.988199       4.674501
  -158.921900       4.647001
  -158.866999       4.656099
  -158.819000       4.624002
  -158.896799       4.552900
  -158.899000       4.385401
  -158.910500       4.286802
  -158.935600       4.227102
  -158.926500       4.183500
  -158.853300       4.142202
  -158.823599       4.032000
  -158.782499       3.864401
  -158.727600       3.749601
  -158.661299       3.643900
  -158.617899       3.556700
  -158.535599       3.485399
  -158.451000       3.444101
  -158.345800       3.409601
  -158.217800       3.363703
  -158.140099       3.320002
  -158.064699       3.246500
  -158.034899       3.152300
  -158.078400       3.108603
  -158.130999       3.030500
  -158.128700       2.973101
  -158.080700       2.954702
  -157.986900       2.943201
  -157.856600       2.894899
  -157.806299       2.851202
  -157.808599       2.775400
  -157.781200       2.724802
  -157.746899       2.688002
  -157.760599       2.623701
  -157.794899       2.529402
  -157.675999       2.573099
  -157.557100       2.538603
  -157.497700       2.469603
  -157.422300       2.416700
  -157.367399       2.343203
  -157.273699       2.331701
  -157.152500       2.248899
  -157.102200       2.152300
  -156.965099       2.032701
  -156.910200       2.025801
  -156.784500       1.986700
  -156.702200       1.943003
  -156.583300       1.897001
  -156.537600       1.897001
  -156.450699       1.890100
  -156.404999       1.834902
  -156.487299       1.765902
  -156.580999       1.754400
  -156.631300       1.729101
  -156.738800       1.733702
  -156.789000       1.740602
  -156.782200       1.639402
  -156.759300       1.510500
  -156.816500       1.476000
  -156.853100       1.400103
  -156.805099       1.278200
  -156.743299       1.140100
  -156.665600       1.096399
  -156.551300       1.064199
  -156.475899       1.029699
  -156.395800       0.960600
  -156.357000       0.882402
  -156.384399       0.854799
  -156.459900       0.857100
  -156.473600       0.834101
  -156.398100       0.716700
  -156.354700       0.617800
  -156.379900       0.518801
  -156.363800       0.463602
  -156.283800       0.419901
  -156.190100       0.378401
  -156.096399       0.304800
  -156.036900       0.217302
  -155.956900       0.079203
  -155.927200       0.014700
  -155.927200       0.012503
  -155.883699      -0.030899
  -155.792299      -0.118599
  -155.726000      -0.155399
  -155.639099      -0.203699
  -155.650499      -0.219799
  -155.737400      -0.240499
  -155.785400      -0.256599
  -155.847099      -0.270500
  -155.906599      -0.275099
  -155.938599      -0.282000
  -155.915699      -0.369400
  -155.885004      -0.401758
>