>anchorPlateId 0
>reconstructionTime 0
>WestPacificLIP.gpml Tutamounts_seamounts.gpml CoralSeaLIP.gpml PacificSeaMounts_b.gpml PacificSeaMounts_a.gpml PacificSeaMounts_c.gpml CanningBasin.gpml Kerguelen_plateau.gpml NorthAtlanticLIP.gpml
>Global_EB_250-0Ma_GK07_Matthews++.rot Global_EB_410-250Ma_GK07_Matthews++.rot Global_EB_410-250Ma_GK07_Matthews++.rot Global_EB_250-0Ma_GK07_Matthews++.rot
>UnclassifiedFeature <identity>GPlates-2c2864d0-cf36-48b7-9203-5899be9eb639</identity> <revision>GPlates-55e35b8b-fd96-4d41-bb4a-9bd467361c16</revision>
> reconstructionPlateId 901
> validTime TimePeriod <begin> TimeInstant <timePosition>110</timePosition></begin> <end> TimeInstant <timePosition>0</timePosition></end>
> name 
> description 
> conjugatePlateId 0
> spreadingAsymmetry 0
> leftPlate 0
> rightPlate 0
> geometryImportTime TimeInstant <timePosition>0</timePosition>
> shapefileAttributes KeyValueDictionary ( contour,  253872) ( PLATEID1,  901) ( FROMAGE,  110) ( TOAGE,  0) ( NAME,  ) ( DESCR,  ) ( PLATEID2,  0) ( GPGIM_TYPE,  gpml:UnclassifiedFeature) ( FEATURE_ID,  GPlates-f250e6c9-bca7-434d-876f-d3bf331d6123) ( RECON_METH,  ) ( L_PLATE,  0) ( R_PLATE,  0) ( SPREAD_ASY,  0) ( IMPORT_AGE,  0) ( TYPE,  )
  176.505102      21.878599
  176.566801      21.838102
  176.667402      21.861502
  176.665102      21.900000
  176.669703      21.934099
  176.694902      21.957502
  176.772600      21.987402
  176.859503      22.015100
  176.957701      22.019400
  177.053801      22.025801
  177.154402      22.036402
  177.248102      22.025801
  177.341803      22.034300
  177.504103      22.062002
  177.595602      22.098200
  177.691603      22.108900
  177.819601      22.091803
  177.959002      22.104601
  178.071001      22.140802
  178.183100      22.217501
  178.301901      22.228102
  178.386499      22.198301
  178.500799      22.200399
  178.564802      22.128000
  178.537401      22.113100
  178.471102      22.070501
  178.471102      22.017202
  178.544302      21.951101
  178.596800      21.872202
  178.626600      21.795401
  178.711100      21.716402
  178.804899      21.716402
  178.919203      21.716402
  179.058599      21.714201
  179.227800      21.714201
  179.403799      21.737700
  179.573000      21.737700
  179.593500      21.667200
  179.515802      21.622301
  179.442701      21.611601
  179.344400      21.605200
  179.239202      21.603102
  179.191202      21.545401
  179.170603      21.483301
  179.168303      21.399900
  179.207201      21.354902
  179.291800      21.290602
  179.399202      21.414801
  179.479200      21.464102
  179.559202      21.487600
  179.694101      21.479002
  179.824400      21.451200
  179.989000      21.449102
  179.973001      21.026899
  179.927301      21.041903
  179.893000      21.067602
  179.854200      21.106302
  179.808401      21.106302
  179.744402      21.074102
  179.723803      21.048300
  179.691801      20.953901
  179.625502      20.891600
  179.518103      20.865801
  179.470102      20.803499
  179.479200      20.777700
  179.534101      20.769102
  179.684999      20.784101
  179.797003      20.807802
  179.813002      20.764799
  179.762701      20.691603
  179.705603      20.646502
  179.714701      20.599100
  179.703302      20.530199
  179.607302      20.437601
  179.531801      20.388002
  179.479200      20.368601
  179.504400      20.312601
  179.547800      20.286699
  179.534101      20.230600
  179.451799      20.064302
  179.390100      19.962801
  179.390100      19.848200
  179.401503      19.783300
  179.426702      19.709700
  179.486101      19.666403
  179.557001      19.618700
  179.643801      19.571100
  179.689600      19.490900
  179.751303      19.349901
  179.781000      19.234800
  179.792402      19.111002
  179.739901      19.106703
  179.687300      19.139299
  179.616400      19.228300
  179.550100      19.297800
  179.438101      19.326002
  179.401503      19.356401
  179.383200      19.443201
  179.303202      19.566702
  179.209501      19.620901
  179.120302      19.681501
  179.088301      19.716200
  179.095201      19.776800
  179.090601      19.863302
  179.081499      19.904402
  179.072302      19.941202
  179.019701      19.964899
  178.928301      19.977900
  178.827700      19.967100
  178.702002      19.919500
  178.528299      19.902201
  178.384199      19.889299
  178.215101      19.930403
  178.087099      19.971399
  177.975000      19.962801
  177.888201      19.984400
  177.869902      20.029802
  177.917902      20.047102
  178.007002      20.053499
  178.132799      20.066500
  178.256201      20.079500
  178.411699      20.098902
  178.516802      20.118299
  178.654001      20.170202
  178.814001      20.211203
  178.905500      20.241400
  178.898600      20.282301
  178.843702      20.314699
  178.779699      20.400900
  178.775103      20.474199
  178.724901      20.521601
  178.679102      20.560400
  178.631102      20.594801
  178.553400      20.616301
  178.500799      20.657202
  178.523703      20.706701
  178.542002      20.749701
  178.500799      20.784101
  178.489401      20.812101
  178.528299      20.844301
  178.558001      20.889402
  178.498503      20.938803
  178.365999      20.960302
  178.219603      20.945299
  178.082502      20.893702
  177.897303      20.863600
  177.856199      20.833601
  177.847002      20.769102
  177.760099      20.754000
  177.671000      20.721800
  177.524702      20.674402
  177.435499      20.640001
  177.392099      20.584002
  177.348700      20.556002
  177.300699      20.530199
  177.184099      20.474199
  177.069799      20.431101
  176.900602      20.407400
  176.797701      20.366503
  176.752001      20.301802
  176.784002      20.250002
  176.886900      20.232702
  177.014902      20.187403
  177.108603      20.193899
  177.211500      20.215502
  177.357801      20.230600
  177.517801      20.250002
  177.657301      20.245703
  177.755602      20.187403
  177.757902      20.131300
  177.712099      20.111799
  177.641302      20.088102
  177.533800      20.092402
  177.415003      20.101103
  177.254900      20.085901
  177.158899      20.083799
  177.195501      20.057901
  177.280100      19.999502
  177.284700      19.958502
  177.248102      19.906603
  177.222902      19.874102
  177.174902      19.852503
  177.088102      19.869802
  176.953199      19.895800
  176.859503      19.893602
  176.813700      19.897902
  176.754301      19.878500
  176.674299      19.865499
  176.589701      19.841700
  176.603399      19.791903
  176.646902      19.740000
  176.690302      19.657701
  176.665102      19.638201
  176.518801      19.638201
  176.534800      19.584101
  176.708601      19.518999
  176.788603      19.458300
  176.822901      19.369402
  176.795401      19.328199
  176.793200      19.258699
  176.944002      19.265200
  177.072100      19.258699
  177.243502      19.291300
  177.348700      19.352102
  177.421801      19.419302
  177.499502      19.410601
  177.513300      19.317301
  177.565802      19.237001
  177.579599      19.195700
  177.490400      19.167501
  177.403502      19.171900
  177.332701      19.143602
  177.238901      19.145800
  177.120100      19.113199
  177.030901      19.037100
  176.946302      18.967501
  176.868601      18.895700
  176.809202      18.841299
  176.850302      18.771700
  176.937201      18.747702
  177.040102      18.706301
  177.158899      18.651899
  177.291502      18.601702
  177.424101      18.542902
  177.485800      18.497103
  177.504103      18.414202
  177.474401      18.335600
  177.433203      18.324701
  177.286901      18.311602
  177.165800      18.342100
  177.051500      18.385801
  176.925802      18.416300
  176.809202      18.409800
  176.715403      18.364000
  176.589701      18.311602
  176.457102      18.322500
  176.315401      18.374903
  176.230803      18.396700
  176.180502      18.392302
  176.171400      18.337801
  176.139402      18.276602
  176.057100      18.261301
  175.958799      18.259199
  175.837603      18.239500
  175.775900      18.215502
  175.679899      18.167402
  175.613600      18.158701
  175.549601      18.217699
  175.492399      18.298502
  175.442102      18.329000
  175.382700      18.267900
  175.327803      18.195803
  175.229502      18.178301
  175.176901      18.195803
  175.106100      18.226400
  174.991800      18.252600
  174.854601      18.252600
  174.758600      18.235102
  174.799700      18.171801
  174.872900      18.069002
  174.888903      17.913702
  174.836302      17.834902
  174.792902      17.769201
  174.824900      17.716600
  174.824900      17.650900
  174.754000      17.661802
  174.644300      17.661802
  174.530001      17.637701
  174.406603      17.556601
  174.344801      17.501802
  174.354002      17.433802
  174.365400      17.302099
  174.360800      17.170202
  174.358500      17.088900
  174.370001      17.055902
  174.381399      16.985601
  174.408800      16.838102
  174.461401      16.765402
  174.543699      16.628801
  174.575701      16.470102
  174.550600      16.379602
  174.475100      16.328901
  174.315100      16.372999
  174.239702      16.426001
  174.187101      16.474501
  174.017900      16.505400
  173.917299      16.463499
  173.821302      16.386202
  173.725302      16.315599
  173.615602      16.258200
  173.515001      16.260401
  173.462400      16.313402
  173.448702      16.430403
  173.485300      16.598001
  173.528700      16.686102
  173.613302      16.772001
  173.709299      16.862303
  173.791601      16.906301
  173.860201      16.981199
  173.873899      17.058100
  173.851000      17.207602
  173.805300      17.341600
  173.750502      17.427202
  173.684202      17.468901
  173.611002      17.477701
  173.544703      17.521502
  173.531000      17.604902
  173.604200      17.659700
  173.775602      17.686003
  173.942499      17.707899
  174.049902      17.742903
  174.061399      17.802099
  174.033899      17.826101
  173.869303      17.837099
  173.707003      17.806402
  173.572100      17.745100
  173.444101      17.675001
  173.350401      17.644300
  173.240702      17.631201
  173.158400      17.633402
  173.128702      17.666201
  173.050901      17.661802
  172.966299      17.585100
  172.879499      17.512800
  172.785803      17.499601
  172.712603      17.515001
  172.584600      17.510599
  172.408602      17.484201
  172.266802      17.455702
  172.170801      17.477701
  172.045099      17.536901
  171.907900      17.602701
  171.743299      17.620199
  171.542101      17.532499
  171.432402      17.431601
  171.361601      17.343801
  171.295301      17.361300
  171.217501      17.416201
  171.107801      17.464502
  170.984400      17.497400
  170.886103      17.565401
  170.838102      17.622400
  170.751200      17.701300
  170.650602      17.773600
  170.554602      17.850203
  170.458601      18.055902
  170.390001      18.230803
  170.358000      18.403299
  170.289400      18.571199
  170.241400      18.671499
  170.243700      18.795603
  170.278002      18.974100
  170.323702      19.093599
  170.410601      19.111002
  170.527201      19.065401
  170.664301      18.913202
  170.735201      18.850000
  170.844900      18.900103
  170.879202      19.004499
  170.854101      19.063200
  170.792299      19.158800
  170.812902      19.208799
  170.911200      19.237001
  170.970602      19.273901
  170.961500      19.308599
  170.934099      19.332502
  171.011801      19.386801
  171.128401      19.401899
  171.245001      19.380301
  171.366102      19.369402
  171.510099      19.375902
  171.567301      19.417101
  171.549002      19.503901
  171.647303      19.514700
  171.699900      19.540701
  171.688501      19.605700
  171.715902      19.644701
  171.747900      19.718302
  171.768499      19.824400
  171.743299      19.887102
  171.690802      19.934702
  171.640501      20.006002
  171.661001      20.066500
  171.656500      20.124800
  171.617601      20.142099
  171.599302      20.204702
  171.615301      20.241400
  171.679300      20.265100
  171.757002      20.291002
  171.869001      20.340601
  171.978800      20.364302
  172.086203      20.360003
  172.207399      20.366503
  172.298800      20.314699
  172.314802      20.232702
  172.269102      20.204702
  172.191401      20.180902
  172.168501      20.152903
  172.168501      20.107500
  172.131903      20.096701
  172.067900      20.075102
  172.047400      20.042700
  172.033602      19.997400
  172.067900      19.945501
  172.122801      19.934702
  172.152502      19.932501
  172.157103      19.923903
  172.170801      19.843801
  172.166201      19.757299
  172.134199      19.666403
  172.102201      19.616602
  172.074800      19.577600
  172.090799      19.518999
  172.122801      19.432302
  172.166201      19.321699
  172.205099      19.213102
  172.250799      19.100100
  172.296499      18.932699
  172.328600      18.830400
  172.374300      18.791300
  172.495401      18.821699
  172.623400      18.854403
  172.756002      18.913202
  172.767500      18.884901
  172.765200      18.800001
  172.870302      18.712900
  172.929800      18.599600
  172.980101      18.542902
  173.025801      18.575602
  173.025801      18.651899
  173.060102      18.747702
  173.140100      18.675802
  173.174402      18.586500
  173.243002      18.547201
  173.325300      18.619200
  173.295500      18.680201
  173.268103      18.775999
  173.318399      18.806501
  173.398401      18.791300
  173.517302      18.734602
  173.645300      18.677999
  173.766401      18.643103
  173.940203      18.610399
  174.097902      18.560301
  174.198500      18.555902
  174.301401      18.562502
  174.392801      18.651899
  174.486601      18.765100
  174.612303      18.895700
  174.690001      18.904402
  174.799700      18.937101
  174.930101      18.945803
  175.064901      18.893602
  175.154100      18.897902
  175.156401      18.930502
  175.090101      18.984900
  175.007799      19.037100
  174.925501      19.098001
  174.886602      19.134901
  174.909502      19.210901
  175.016901      19.200102
  175.179201      19.245703
  175.318701      19.237001
  175.302702      19.191401
  175.291201      19.130602
  175.380400      19.121901
  175.451300      19.067499
  175.561003      18.993601
  175.654699      18.958799
  175.643301      18.884901
  175.602102      18.839201
  175.634100      18.806501
  175.716402      18.800001
  175.791903      18.802099
  175.862700      18.747702
  175.933599      18.736799
  175.986200      18.767302
  176.011301      18.839201
  176.057100      18.884901
  176.111902      18.865301
  176.178202      18.808702
  176.228502      18.728102
  176.276503      18.706301
  176.297102      18.664900
  176.278799      18.614801
  176.230803      18.579901
  176.265100      18.516703
  176.294802      18.529802
  176.354200      18.597403
  176.420500      18.636602
  176.502802      18.662802
  176.539400      18.660601
  176.523401      18.730303
  176.489100      18.743402
  176.459402      18.784700
  176.461702      18.852201
  176.484503      18.854403
  176.457102      18.917501
  176.354200      18.895700
  176.285700      18.908800
  176.258200      18.954500
  176.253702      19.034903
  176.319902      19.150103
  176.372499      19.180502
  176.331400      19.221800
  176.253702      19.200102
  176.180502      19.176203
  176.125601      19.093599
  176.075300      19.041502
  176.052500      19.080603
  176.009001      19.134901
  175.958799      19.191401
  175.903902      19.247900
  175.849001      19.297800
  175.659300      19.336901
  175.622702      19.410601
  175.677603      19.445299
  175.650103      19.521200
  175.577002      19.542902
  175.490103      19.558100
  175.405500      19.620901
  175.330099      19.696699
  175.289000      19.837400
  175.343801      19.902201
  175.421499      19.936800
  175.412401      20.001699
  175.471800      20.079500
  175.574701      20.103201
  175.631903      20.137800
  175.604403      20.161501
  175.542700      20.185301
  175.522100      20.245703
  175.586100      20.314699
  175.641001      20.379400
  175.652399      20.441900
  175.599901      20.452700
  175.526701      20.450502
  175.476400      20.472101
  175.490103      20.508699
  175.570101      20.545301
  175.675303      20.590502
  175.677603      20.627100
  175.620401      20.640001
  175.531301      20.629202
  175.455801      20.607702
  175.398703      20.620600
  175.339201      20.627100
  175.220400      20.556002
  175.128901      20.467699
  175.012300      20.407400
  174.907202      20.360003
  174.847700      20.375101
  174.820299      20.433302
  174.779200      20.493601
  174.719702      20.601301
  174.628302      20.644300
  174.511702      20.659403
  174.363100      20.644300
  174.219103      20.624903
  174.159700      20.562502
  174.203100      20.502199
  174.331102      20.431101
  174.452299      20.362101
  174.461401      20.278002
  174.411100      20.232702
  174.322001      20.183100
  174.290003      20.135599
  174.226000      20.079500
  174.159700      20.073000
  174.061399      20.105402
  173.960802      20.122602
  173.860201      20.092402
  173.791601      20.018999
  173.729902      19.964899
  173.615602      19.893602
  173.464701      19.830900
  173.318399      19.789801
  173.162901      19.800600
  173.023500      19.794100
  172.890902      19.772402
  172.753801      19.757299
  172.666903      19.813601
  172.650900      19.908701
  172.678301      19.990900
  172.726301      20.042700
  172.801802      20.085901
  172.902300      20.109701
  173.000601      20.122602
  173.028101      20.172300
  173.101202      20.211203
  173.144701      20.168001
  173.204100      20.165800
  173.233801      20.243502
  173.236101      20.362101
  173.236101      20.457003
  173.252100      20.581900
  173.247499      20.676600
  173.211000      20.736799
  173.121801      20.801302
  173.032602      20.829302
  172.877199      20.814199
  172.799501      20.822802
  172.772001      20.876501
  172.881800      20.964602
  172.961802      21.005400
  173.000601      21.063299
  173.060102      21.172701
  173.142401      21.224199
  173.229200      21.224199
  173.281801      21.183500
  173.336702      21.091200
  173.391500      20.996801
  173.414400      20.928102
  173.501303      20.889402
  173.558401      20.831400
  173.606401      20.721800
  173.686399      20.655100
  173.809900      20.556002
  173.903601      20.577600
  173.937902      20.637800
  173.921900      20.698099
  173.905901      20.747602
  173.896799      20.837900
  173.860201      20.889402
  173.780199      20.919500
  173.697901      20.925901
  173.620100      20.945299
  173.581301      20.983900
  173.553900      21.063299
  173.542402      21.142702
  173.528700      21.228502
  173.535601      21.269201
  173.590403      21.314199
  173.656702      21.361300
  173.675001      21.365602
  173.764200      21.423403
  173.851000      21.446901
  173.935602      21.466200
  173.926500      21.500402
  173.928801      21.528299
  173.933302      21.547503
  173.988199      21.643702
  174.052202      21.742002
  174.065901      21.789000
  174.040800      21.857302
  173.999601      21.897802
  173.985903      21.936201
  174.049902      21.951101
  174.132200      21.972502
  174.239702      22.002302
  174.356302      22.030001
  174.431700      22.036402
  174.532301      22.104601
  174.603102      22.170603
  174.598600      22.181299
  174.568800      22.232401
  174.557402      22.277102
  174.580301      22.306803
  174.639700      22.317499
  174.758600      22.326002
  174.861502      22.355803
  174.884302      22.379202
  174.865999      22.396200
  174.831701      22.400400
  174.788301      22.415300
  174.788301      22.449301
  174.815802      22.489702
  174.888903      22.547003
  174.952902      22.591600
  175.003202      22.676500
  175.010099      22.735903
  175.023802      22.799501
  175.026102      22.869402
  174.991800      22.945601
  174.987200      22.998602
  175.003202      23.026102
  175.062601      23.051500
  175.133501      23.070501
  175.222700      23.098001
  175.316401      23.159300
  175.387300      23.186800
  175.469500      23.180403
  175.556402      23.161402
  175.636400      23.140303
  175.750700      23.131800
  175.853601      23.117002
  175.865000      23.089502
  175.828501      23.064100
  175.739302      23.026102
  175.670702      23.000700
  175.611300      22.985903
  175.558702      22.960501
  175.508402      22.939302
  175.451300      22.896902
  175.430700      22.879999
  175.394102      22.856703
  175.387300      22.820700
  175.396402      22.784601
  175.442102      22.721003
  175.490103      22.653101
  175.485502      22.617102
  175.453600      22.589502
  175.398703      22.561899
  175.359800      22.551302
  175.346102      22.527903
  175.373503      22.496000
  175.444403      22.489702
  175.481001      22.442900
  175.462702      22.408899
  175.483301      22.377001
  175.510702      22.372801
  175.604403      22.317499
  175.695902      22.272802
  175.796400      22.187700
  175.858202      22.138700
  175.908503      22.089701
  175.901602      22.081202
  175.860502      22.057699
  175.839899      22.030001
  175.853601      21.989500
  175.922201      21.948999
  175.922201      21.948999
  176.002199      21.921301
  176.002199      21.921301
  176.100500      21.925600
  176.100500      21.925600
  176.185102      21.951101
  176.185102      21.951101
  176.265100      21.912703
  176.265100      21.912703
  176.347403      21.902102
  176.418200      21.906301
  176.418200      21.906301
  176.505102      21.878599
>