>anchorPlateId 0
>reconstructionTime 0
>WestPacificLIP.gpml Tutamounts_seamounts.gpml CoralSeaLIP.gpml PacificSeaMounts_b.gpml PacificSeaMounts_a.gpml PacificSeaMounts_c.gpml CanningBasin.gpml Kerguelen_plateau.gpml NorthAtlanticLIP.gpml
>Global_EB_250-0Ma_GK07_Matthews++.rot Global_EB_410-250Ma_GK07_Matthews++.rot Global_EB_410-250Ma_GK07_Matthews++.rot Global_EB_250-0Ma_GK07_Matthews++.rot
>UnclassifiedFeature <identity>GPlates-a2c8f79b-feae-4965-8b42-867f49dec7d2</identity> <revision>GPlates-3078c3e0-8a40-4ca3-9825-cac91ee543e9</revision>
> reconstructionPlateId 901
> validTime TimePeriod <begin> TimeInstant <timePosition>110</timePosition></begin> <end> TimeInstant <timePosition>0</timePosition></end>
> name 
> description 
> conjugatePlateId 0
> spreadingAsymmetry 0
> leftPlate 0
> rightPlate 0
> geometryImportTime TimeInstant <timePosition>0</timePosition>
> shapefileAttributes KeyValueDictionary ( contour,  144147) ( PLATEID1,  901) ( FROMAGE,  110) ( TOAGE,  0) ( NAME,  ) ( DESCR,  ) ( PLATEID2,  0) ( GPGIM_TYPE,  gpml:UnclassifiedFeature) ( FEATURE_ID,  GPlates-ff130c7d-82ea-4c77-89ac-268bdfe3c502) ( RECON_METH,  ) ( L_PLATE,  0) ( R_PLATE,  0) ( SPREAD_ASY,  0) ( IMPORT_AGE,  0) ( TYPE,  )
  -170.077233      19.008651
  -169.926040      18.802477
  -169.931400      18.798300
  -169.949699      18.735102
  -169.917700      18.674101
  -169.885700      18.587000
  -169.883400      18.490999
  -169.942799      18.403700
  -170.025099      18.414602
  -170.169199      18.412500
  -170.358900      18.419001
  -170.461800      18.449602
  -170.553200      18.477900
  -170.592100      18.510599
  -170.594400      18.530302
  -170.566900      18.563002
  -170.500599      18.591299
  -170.377199      18.632700
  -170.251499      18.700300
  -170.271999      18.715502
  -170.381800      18.711203
  -170.544100      18.665400
  -170.793200      18.630503
  -170.953300      18.628401
  -171.074400      18.630503
  -171.195599      18.630503
  -171.334999      18.669802
  -171.419600      18.739500
  -171.556799      18.852701
  -171.607100      18.872301
  -171.650499      18.889700
  -171.746500      18.911402
  -171.842499      18.924501
  -171.915699      18.976702
  -171.927099      19.018000
  -171.879099      19.083200
  -171.865400      19.120199
  -171.867699      19.172300
  -171.945400      19.198400
  -171.959099      19.270102
  -171.963699      19.326502
  -171.995699      19.352503
  -172.091700      19.358999
  -172.192299      19.372103
  -172.270000      19.365499
  -172.382000      19.283102
  -172.660900      19.078901
  -172.823200      18.937601
  -172.951300      18.854902
  -173.122700      18.706800
  -173.147900      18.619600
  -173.193600      18.501902
  -173.305599      18.425600
  -173.438200      18.340403
  -173.582199      18.264002
  -173.671400      18.200701
  -173.701099      18.117601
  -173.685099      18.080400
  -173.611900      18.065100
  -173.534199      18.128500
  -173.486200      18.178801
  -173.422199      18.218100
  -173.355900      18.261801
  -173.278200      18.331701
  -173.186699      18.375402
  -173.086100      18.395002
  -172.976400      18.421202
  -172.871199      18.464800
  -172.798100      18.486601
  -172.809500      18.429899
  -172.944399      18.340403
  -173.102100      18.207201
  -173.209600      18.080400
  -173.328499      17.979799
  -173.477100      17.887899
  -173.570799      17.887899
  -173.719400      17.885702
  -173.792500      17.857302
  -173.888500      17.844103
  -174.030300      17.815702
  -174.110300      17.758699
  -174.222300      17.725901
  -174.338900      17.776300
  -174.423500      17.824400
  -174.473799      17.811300
  -174.528599      17.839800
  -174.601799      17.848501
  -174.727499      17.796000
  -174.832699      17.739000
  -174.931000      17.664499
  -175.029299      17.568102
  -175.091000      17.515402
  -175.244099      17.440802
  -175.433899      17.361799
  -175.516199      17.359602
  -175.605299      17.372801
  -175.696800      17.383802
  -175.776800      17.375002
  -175.808800      17.377199
  -175.836199      17.410101
  -175.964199      17.440802
  -176.071699      17.403502
  -176.192799      17.436502
  -176.243099      17.515402
  -176.284300      17.581202
  -176.332300      17.611902
  -176.412300      17.546103
  -176.462599      17.401300
  -176.533499      17.278402
  -176.549500      17.238802
  -176.592899      17.164103
  -176.707199      17.058599
  -176.803200      17.049803
  -176.883200      17.016802
  -176.954100      16.953001
  -176.990700      16.920000
  -177.050100      16.895800
  -177.088999      16.889200
  -177.168999      16.895800
  -177.281000      16.968401
  -177.393000      17.071802
  -177.493599      17.168501
  -177.562199      17.225702
  -177.616999      17.276201
  -177.671900      17.346502
  -177.742800      17.421103
  -177.827400      17.489100
  -177.923399      17.576799
  -178.037699      17.693003
  -178.083399      17.747801
  -178.158800      17.754400
  -178.241100      17.741201
  -178.293699      17.778402
  -178.305099      17.830999
  -178.268600      17.903200
  -178.193100      17.960100
  -178.158800      17.995199
  -178.254900      17.971102
  -178.401199      17.971102
  -178.506300      18.003901
  -178.579500      18.019201
  -178.652599      18.021402
  -178.801199      18.028002
  -178.977200      18.021402
  -179.077799      18.043303
  -179.132700      18.095701
  -179.157799      18.189699
  -179.157799      18.279303
  -179.118999      18.333902
  -179.077799      18.392801
  -179.107500      18.416800
  -179.192099      18.403700
  -179.258400      18.338301
  -179.281300      18.233400
  -179.322399      18.163500
  -179.416100      18.143801
  -179.537300      18.172201
  -179.578499      18.209402
  -179.644699      18.246500
  -179.715599      18.272699
  -179.827599      18.272699
  -179.900799      18.309900
  -179.914499      18.368799
  -179.921400      18.449602
  -179.939699      18.523703
  -179.891600      18.610903
  -179.868799      18.645800
  -179.832199      18.717699
  -179.784199      18.811300
  -179.731600      18.861403
  -179.660799      18.889700
  -179.601299      18.918001
  -179.583000      18.968000
  -179.585300      19.031099
  -179.585300      19.070200
  -179.569300      19.113703
  -179.557899      19.146299
  -179.569300      19.174501
  -179.598999      19.174501
  -179.695000      19.111502
  -179.784199      19.091902
  -179.852800      19.122400
  -179.919100      19.165800
  -179.939699      19.228800
  -179.923599      19.263502
  -179.877899      19.289602
  -179.816200      19.307001
  -179.749899      19.328699
  -179.665300      19.324301
  -179.580700      19.326502
  -179.484699      19.330801
  -179.420700      19.339502
  -179.368099      19.361200
  -179.299599      19.393801
  -179.253799      19.424101
  -179.219500      19.434999
  -179.198999      19.443602
  -179.224100      19.424101
  -179.173800      19.426302
  -179.132700      19.350401
  -179.212700      19.235300
  -179.301800      19.196199
  -179.381899      19.202700
  -179.455000      19.096300
  -179.464199      18.996302
  -179.445900      18.909300
  -179.370399      18.861403
  -179.226400      18.870100
  -179.109800      18.859201
  -178.986399      18.863600
  -178.865200      18.902700
  -178.737200      18.948400
  -178.647999      18.946302
  -178.545200      18.863600
  -178.508600      18.728601
  -178.472000      18.658899
  -178.453699      18.576002
  -178.453699      18.460501
  -178.403400      18.443003
  -178.312000      18.482302
  -178.197699      18.488802
  -178.099400      18.488802
  -178.005699      18.506300
  -177.891399      18.490999
  -177.809099      18.497499
  -177.632999      18.473501
  -177.443300      18.405901
  -177.367899      18.351301
  -177.317600      18.266199
  -177.313000      18.185400
  -177.278700      18.117601
  -177.244400      17.988600
  -177.262699      17.898901
  -177.287899      17.787203
  -177.248999      17.767500
  -177.187300      17.771902
  -177.100399      17.760900
  -177.020399      17.706202
  -176.970100      17.631601
  -176.926699      17.592199
  -176.862700      17.605303
  -176.807800      17.653601
  -176.773500      17.732500
  -176.775799      17.828802
  -176.791800      17.881399
  -176.789499      17.986403
  -176.819199      18.032301
  -176.885500      18.056402
  -176.935799      18.111101
  -176.935799      18.194101
  -176.906099      18.303301
  -176.846600      18.384100
  -176.741499      18.464800
  -176.624899      18.519400
  -176.549500      18.536802
  -176.455700      18.587000
  -176.355200      18.624002
  -176.256899      18.645800
  -176.195099      18.619600
  -176.220299      18.530302
  -176.236300      18.451700
  -176.259100      18.325201
  -176.263699      18.224703
  -176.238600      18.167902
  -176.181400      18.111101
  -176.099100      18.102301
  -176.028299      18.117601
  -175.950499      18.312101
  -175.907099      18.362303
  -175.875099      18.432100
  -175.836199      18.541201
  -175.806499      18.597799
  -175.749399      18.632700
  -175.671600      18.639299
  -175.580200      18.615301
  -175.539000      18.628401
  -175.516199      18.693701
  -175.500200      18.783003
  -175.438499      18.822203
  -175.429300      18.796103
  -175.358400      18.778700
  -175.262400      18.802603
  -175.134399      18.826601
  -175.017799      18.828802
  -174.917200      18.811300
  -174.857800      18.830900
  -174.450899      18.933203
  -174.361700      18.972403
  -174.254299      19.041903
  -174.153700      19.157103
  -174.064600      19.257002
  -173.945700      19.369902
  -173.854200      19.467501
  -173.749100      19.571501
  -173.639399      19.688501
  -173.536499      19.779402
  -173.445000      19.855101
  -173.362700      19.935102
  -173.268999      20.034601
  -173.198200      20.099401
  -173.140999      20.168501
  -173.118099      20.250502
  -173.090700      20.336702
  -173.067799      20.416502
  -173.038099      20.496202
  -173.001600      20.569502
  -172.958099      20.593100
  -172.894100      20.556501
  -172.850700      20.491899
  -172.786699      20.390600
  -172.756899      20.306601
  -172.734100      20.265600
  -172.683800      20.254801
  -172.628899      20.278502
  -172.635799      20.343203
  -172.660900      20.397100
  -172.638100      20.433702
  -172.603800      20.476801
  -172.562599      20.539301
  -172.516899      20.573801
  -172.468899      20.599600
  -172.397999      20.601702
  -172.313499      20.612501
  -172.233400      20.636202
  -172.139700      20.655500
  -172.057400      20.702902
  -171.954599      20.741602
  -171.888300      20.775999
  -171.778500      20.821100
  -171.657400      20.868402
  -171.517900      20.904902
  -171.428799      20.967199
  -171.373899      21.018702
  -171.305300      21.048800
  -171.211599      21.074499
  -171.097300      21.087400
  -171.014999      21.119600
  -170.934999      21.130301
  -170.882399      21.126001
  -170.843500      21.093901
  -170.855000      21.016600
  -170.969299      20.943602
  -171.074400      20.896299
  -171.216200      20.797503
  -171.328199      20.685701
  -171.410500      20.569502
  -171.469900      20.468203
  -171.481300      20.375502
  -171.405899      20.362600
  -171.309900      20.382002
  -171.193300      20.427301
  -171.108700      20.463900
  -171.014999      20.479002
  -170.925800      20.459600
  -170.827499      20.418699
  -170.720100      20.379900
  -170.630999      20.362600
  -170.557800      20.351801
  -170.502899      20.326002
  -170.473200      20.228903
  -170.459499      20.112303
  -170.443499      19.965403
  -170.457199      19.831301
  -170.509800      19.721003
  -170.589800      19.556402
  -170.665199      19.408899
  -170.708700      19.309099
  -170.667500      19.252703
  -170.562399      19.241800
  -170.470900      19.254801
  -170.374899      19.244001
  -170.313200      19.224501
  -170.283499      19.178801
  -170.320000      19.111502
  -170.338299      19.059301
  -170.320000      19.009302
  -170.219500      18.978903
  -170.109699      18.968000
  -170.077233      19.008651
>