>anchorPlateId 0
>reconstructionTime 0
>
>
>LargeIgneousProvince <identity>GPlates-27f8bf92-147b-42d2-b7c4-a13132bce0f0</identity> <revision>GPlates-87ae79c0-4fe0-4088-acfa-b69b9c0a0e92</revision>
> name Pigafetta_Basin
> description Pacific
> shapefileAttributes KeyValueDictionary ( PLATEID1,  901) ( FROMAGE,  126) ( TOAGE,  -999) ( NAME,  Pigafetta_Basin) ( DESCR,  Pacific) ( MatlabAr,  222124) ( AgeRef,  Pringle_1982_ODPSciRep) ( AgeMethod,  Ar/Ar) ( PBType,  MOR) ( Dist2PB,  1163) ( GPGIM_TYPE,  gpml:LargeIgneousProvince) ( FEATURE_ID,  GPlates-29269d6c-a3aa-4ee5-9663-76ba6f92f5bd) ( TYPE,  VP) ( IMPORT_AGE,  0) ( PLATEID2,  0) ( RECON_METH,  ) ( L_PLATE,  0) ( R_PLATE,  0) ( SPREAD_ASY,  0)
> validTime TimePeriod <begin> TimeInstant <timePosition>126</timePosition></begin> <end> TimeInstant <timePosition>http://gplates.org/times/distantFuture</timePosition></end>
> reconstructionPlateId 901
> geometryImportTime TimeInstant <timePosition>0</timePosition>
> conjugatePlateId 0
> leftPlate 0
> rightPlate 0
> spreadingAsymmetry 0
  157.242804      12.129053
  157.117102      12.113302
  157.019903      12.206854
  156.922701      12.300402
  156.904989      12.488966
  156.887278      12.677526
  156.869562      12.866091
  156.851851      13.054651
  156.834139      13.243216
  156.816427      13.431776
  156.798716      13.620340
  156.781000      13.808901
  156.683958      13.980589
  156.586912      14.152281
  156.489870      14.323969
  156.392824      14.495657
  156.295778      14.667345
  156.198736      14.839037
  156.101690      15.010725
  156.004648      15.182413
  155.907602      15.354101
  155.902269      15.521036
  155.896936      15.687971
  155.891600      15.854902
  155.982801      16.021948
  156.073999      16.188993
  156.165201      16.356035
  156.256399      16.523081
  156.347601      16.690126
  156.438803      16.857168
  156.530001      17.024214
  156.621202      17.191259
  156.712400      17.358301
  156.732969      17.505201
  156.753534      17.652102
  156.774099      17.799002
  156.627329      17.915510
  156.480555      18.032015
  156.333780      18.148523
  156.187006      18.265028
  156.040236      18.381536
  155.893461      18.498041
  155.746687      18.614550
  155.599913      18.731058
  155.453142      18.847563
  155.306368      18.964071
  155.159594      19.080576
  155.012819      19.197084
  154.866049      19.313589
  154.719275      19.430098
  154.572500      19.546602
  154.472361      19.680681
  154.372221      19.814764
  154.272081      19.948843
  154.171942      20.082922
  154.071802      20.217001
  153.898905      20.287291
  153.726004      20.357576
  153.553102      20.427866
  153.380201      20.498152
  153.207304      20.568441
  153.034403      20.638727
  152.861502      20.709017
  152.688601      20.779303
  152.582460      20.938116
  152.476316      21.096933
  152.370173      21.255747
  152.264029      21.414560
  152.157888      21.573374
  152.051744      21.732187
  151.945601      21.891001
  151.781645      21.964632
  151.617685      22.038260
  151.453730      22.111887
  151.289774      22.185514
  151.125814      22.259146
  150.961859      22.332773
  150.797899      22.406401
  150.737700      22.559202
  150.677500      22.712004
  150.617300      22.864801
  150.703051      22.988653
  150.788801      23.112501
  150.964804      23.094503
  151.140802      23.076502
  151.294962      22.997473
  151.449118      22.918447
  151.603273      22.839418
  151.757429      22.760389
  151.911589      22.681360
  152.065744      22.602331
  152.219900      22.523302
  152.375895      22.403524
  152.531885      22.283751
  152.687880      22.163973
  152.843870      22.044195
  152.999865      21.924417
  153.155855      21.804640
  153.311846      21.684862
  153.467840      21.565084
  153.623831      21.445311
  153.779825      21.325533
  153.935816      21.205755
  154.091810      21.085978
  154.247801      20.966200
  154.409838      20.889814
  154.571878      20.813425
  154.733915      20.737040
  154.895952      20.660650
  155.057989      20.584265
  155.220026      20.507875
  155.382063      20.431490
  155.544100      20.355101
  155.701658      20.243944
  155.859217      20.132784
  156.016775      20.021627
  156.174334      19.910467
  156.331892      19.799311
  156.489450      19.688150
  156.647009      19.576994
  156.804567      19.465834
  156.962126      19.354677
  157.119684      19.243517
  157.277243      19.132360
  157.434801      19.021200
  157.576937      18.894068
  157.719069      18.766935
  157.861200      18.639803
  158.003336      18.512671
  158.145468      18.385534
  158.287600      18.258402
  158.397051      18.120352
  158.506502      17.982302
  158.615953      17.844252
  158.725401      17.706202
  158.834852      17.568151
  158.944304      17.430101
  159.053755      17.292051
  159.163202      17.154001
  159.239435      17.018301
  159.315668      16.882601
  159.391901      16.746901
  159.335852      16.599203
  159.279802      16.451502
  159.123323      16.328093
  158.966848      16.204679
  158.810369      16.081270
  158.653891      15.957857
  158.497412      15.834444
  158.340937      15.711035
  158.184458      15.587622
  158.027979      15.464212
  157.871500      15.340799
  157.777777      15.165224
  157.684050      14.989653
  157.590326      14.814077
  157.496599      14.638502
  157.494303      14.504835
  157.492002      14.371168
  157.489702      14.237501
  157.587564      14.078882
  157.685423      13.920263
  157.783281      13.761644
  157.881144      13.603022
  157.979002      13.444403
  157.966906      13.254786
  157.954809      13.065165
  157.942713      12.875544
  157.920622      12.803770
  157.867682      12.675714
  157.814741      12.547659
  157.761801      12.419600
  157.630701      12.328001
  157.499601      12.236403
  157.368502      12.144800
  157.242804      12.129053
>