93 7  126 RIO GRANDE RISE, SOUTH ATLANTIC OCEAN                                 
 201   90.0 -999.0 BA4000 202   2   584
 -29.0746  -40.0231 3
 -29.0766  -40.0139 2
 -29.0967  -39.9545 2
 -29.1047  -39.9133 2
 -29.1147  -39.8744 2
 -29.1348  -39.8081 2
 -29.1469  -39.7555 2
 -29.1710  -39.7052 2
 -29.2271  -39.5977 2
 -29.2833  -39.5634 2
 -29.3314  -39.5405 2
 -29.4156  -39.4856 2
 -29.4776  -39.4536 2
 -29.5436  -39.4353 2
 -29.6216  -39.4262 2
 -29.7095  -39.4124 2
 -29.7933  -39.3964 2
 -29.9029  -39.3896 2
 -29.9687  -39.3850 2
 -30.0841  -39.3736 2
 -30.1835  -39.3896 2
 -30.3126  -39.4285 2
 -30.4117  -39.4559 2
 -30.5068  -39.4994 2
 -30.6177  -39.5405 2
 -30.7047  -39.5886 2
 -30.7600  -39.6366 2
 -30.7975  -39.7098 2
 -30.8389  -39.7875 2
 -30.8883  -39.8653 2
 -30.9100  -39.9225 2
 -30.9277  -39.9933 2
 -30.9238  -40.0597 2
 -30.9218  -40.1397 2
 -30.8883  -40.2220 2
 -30.8607  -40.2907 2
 -30.8172  -40.3753 2
 -30.7778  -40.4599 2
 -30.7106  -40.5148 2
 -30.6473  -40.5582 2
 -30.5741  -40.5834 2
 -30.4890  -40.6154 2
 -30.3800  -40.6360 2
 -30.2669  -40.6657 2
 -30.1795  -40.6703 2
 -30.0662  -40.6772 2
 -29.9985  -40.6657 2
 -29.8750  -40.6680 2
 -29.7753  -40.6977 2
 -29.6855  -40.6497 2
 -29.5816  -40.6108 2
 -29.5056  -40.5582 2
 -29.4176  -40.5079 2
 -29.3354  -40.4599 2
 -29.2572  -40.4096 2
 -29.2111  -40.3776 2
 -29.1368  -40.3295 2
 -29.0987  -40.2792 2
 -29.0665  -40.2541 2
 -29.0565  -40.1717 2
 -29.0424  -40.1260 2
 -29.0444  -40.0688 2
 -29.0625  -40.0071 2
 -30.0642  -38.6600 3
 -30.0264  -38.5846 2
 -29.9727  -38.5182 2
 -29.8950  -38.4176 2
 -29.8172  -38.2895 2
 -29.7753  -38.1752 2
 -29.7135  -38.0540 2
 -29.6675  -37.9099 2
 -29.6156  -37.7978 2
 -29.5556  -37.6835 2
 -29.4856  -37.5394 2
 -29.4456  -37.4342 2
 -29.4075  -37.3153 2
 -29.3795  -37.1712 2
 -29.3454  -36.9745 2
 -29.2933  -36.8030 2
 -29.2873  -36.6863 2
 -29.2873  -36.5491 2
 -29.2873  -36.3593 2
 -29.2873  -36.2495 2
 -29.2793  -36.0711 2
 -29.2673  -35.8790 2
 -29.2612  -35.8173 2
 -29.2472  -35.7418 2
 -29.2312  -35.6069 2
 -29.2271  -35.4994 2
 -29.2171  -35.3439 2
 -29.1991  -35.1861 2
 -29.1930  -35.1266 2
 -29.1870  -35.1060 2
 -29.1409  -35.0077 2
 -29.0525  -34.9139 2
 -29.0123  -34.8545 2
 -28.9439  -34.7378 2
 -28.9016  -34.6075 2
 -28.8614  -34.4794 2
 -28.8332  -34.3124 2
 -28.8030  -34.1341 2
 -28.7586  -33.9717 2
 -28.7083  -33.8230 2
 -28.6619  -33.7041 2
 -28.6276  -33.5943 2
 -28.6175  -33.5051 2
 -28.5933  -33.3656 2
 -28.5892  -33.1781 2
 -28.5549  -32.9997 2
 -28.5610  -32.9563 2
 -28.5246  -32.7756 2
 -28.4923  -32.6178 2
 -28.4680  -32.4851 2
 -28.4256  -32.3502 2
 -28.4013  -32.2404 2
 -28.4013  -32.1924 2
 -28.3669  -32.0826 2
 -28.3447  -32.0392 2
 -28.3062  -31.9797 2
 -28.2698  -31.9134 2
 -28.2293  -31.8471 2
 -28.2030  -31.8036 2
 -28.1584  -31.7579 2
 -28.1158  -31.7259 2
 -28.1219  -31.5543 2
 -28.1300  -31.4606 2
 -28.0975  -31.3211 2
 -28.0813  -31.2364 2
 -28.0610  -31.0580 2
 -28.0813  -30.8797 2
 -28.1057  -30.7607 2
 -28.1320  -30.6898 2
 -28.1644  -30.6441 2
 -28.2030  -30.6098 2
 -28.2556  -30.5961 2
 -28.3103  -30.5389 2
 -28.3730  -30.4314 2
 -28.4195  -30.3331 2
 -28.4680  -30.2302 2
 -28.5064  -30.1593 2
 -28.5387  -30.0998 2
 -28.5832  -30.0678 2
 -28.6377  -30.0129 2
 -28.6740  -29.9145 2
 -28.6961  -29.7842 2
 -28.6921  -29.6813 2
 -28.6820  -29.5578 2
 -28.6558  -29.4343 2
 -28.6457  -29.4000 2
 -28.6336  -29.2856 2
 -28.6498  -29.2079 2
 -28.6679  -29.1232 2
 -28.7244  -29.0981 2
 -28.7828  -29.0752 2
 -28.8533  -29.0569 2
 -28.9177  -29.0524 2
 -28.9962  -29.0569 2
 -29.0766  -29.0661 2
 -29.1690  -29.0867 2
 -29.2532  -29.1004 2
 -29.3154  -29.1255 2
 -29.3695  -29.1347 2
 -29.4276  -29.1461 2
 -29.4976  -29.1393 2
 -29.5636  -29.1553 2
 -29.6316  -29.1781 2
 -29.6755  -29.1896 2
 -29.7135  -29.2056 2
 -29.7614  -29.2193 2
 -29.8192  -29.1324 2
 -29.8870  -29.0203 2
 -29.9169  -28.9586 2
 -29.9707  -28.9060 2
 -30.0344  -28.8740 2
 -30.0881  -28.8602 2
 -30.1656  -28.8671 2
 -30.2530  -28.8923 2
 -30.3106  -28.9106 2
 -30.3741  -28.9426 2
 -30.4652  -28.9746 2
 -30.5385  -28.9952 2
 -30.5939  -29.0043 2
 -30.6374  -28.9998 2
 -30.7027  -28.9952 2
 -30.8232  -28.9220 2
 -30.8685  -28.8785 2
 -30.9277  -28.8259 2
 -31.0026  -28.7779 2
 -31.0558  -28.7596 2
 -31.1522  -28.7459 2
 -31.2328  -28.7390 2
 -31.3134  -28.7299 2
 -31.4213  -28.7299 2
 -31.5036  -28.7345 2
 -31.5937  -28.7345 2
 -31.6857  -28.7276 2
 -31.7814  -28.7253 2
 -31.8654  -28.7276 2
 -31.9551  -28.7436 2
 -32.0156  -28.7528 2
 -32.0915  -28.7665 2
 -32.1441  -28.7711 2
 -32.1966  -28.7505 2
 -32.2880  -28.7070 2
 -32.3326  -28.6636 2
 -32.3715  -28.6201 2
 -32.4103  -28.5881 2
 -32.4801  -28.5263 2
 -32.5227  -28.4760 2
 -32.5537  -28.4349 2
 -32.6118  -28.4051 2
 -32.6621  -28.3868 2
 -32.7047  -28.3983 2
 -32.7607  -28.4486 2
 -32.8090  -28.4943 2
 -32.8766  -28.5469 2
 -32.9846  -28.5950 2
 -33.0501  -28.6087 2
 -33.1291  -28.6247 2
 -33.2022  -28.6453 2
 -33.2733  -28.6864 2
 -33.3251  -28.7070 2
 -33.4249  -28.7322 2
 -33.5265  -28.8054 2
 -33.6145  -28.8534 2
 -33.6796  -28.9151 2
 -33.7197  -28.9586 2
 -33.7694  -29.0112 2
 -33.8095  -29.0478 2
 -33.8496  -29.0524 2
 -33.8782  -28.9952 2
 -33.8896  -28.9083 2
 -33.9049  -28.8168 2
 -33.9335  -28.7002 2
 -33.9240  -28.6224 2
 -33.9259  -28.5561 2
 -33.9564  -28.4646 2
 -33.9869  -28.3777 2
 -33.9964  -28.2679 2
 -34.0021  -28.1604 2
 -34.0135  -28.0689 2
 -34.0307  -27.9500 2
 -34.0402  -27.9043 2
 -34.0649  -27.8608 2
 -34.0973  -27.8494 2
 -34.1582  -27.9615 2
 -34.1696  -28.0369 2
 -34.2000  -28.1010 2
 -34.2171  -28.1764 2
 -34.2323  -28.3159 2
 -34.2437  -28.4577 2
 -34.2456  -28.6407 2
 -34.2513  -28.7482 2
 -34.2532  -28.8945 2
 -34.2608  -29.0272 2
 -34.2722  -29.1598 2
 -34.2759  -29.2879 2
 -34.2930  -29.4160 2
 -34.2892  -29.5418 2
 -34.2892  -29.7133 2
 -34.2722  -29.8665 2
 -34.2703  -30.0175 2
 -34.2835  -30.1547 2
 -34.2797  -30.2530 2
 -34.2608  -30.3628 2
 -34.2513  -30.4840 2
 -34.2456  -30.5915 2
 -34.2437  -30.6898 2
 -34.2342  -30.7676 2
 -34.2190  -30.8454 2
 -34.1753  -30.9391 2
 -34.1391  -31.0535 2
 -34.1372  -31.1152 2
 -34.1315  -31.1998 2
 -34.1182  -31.2776 2
 -34.0840  -31.3439 2
 -34.0573  -31.4080 2
 -34.0383  -31.4766 2
 -34.0326  -31.5246 2
 -34.0326  -31.5635 2
 -33.9430  -31.6367 2
 -33.9030  -31.6824 2
 -33.8744  -31.7167 2
 -33.8305  -31.7464 2
 -33.7923  -31.7533 2
 -33.7197  -31.7556 2
 -33.6356  -31.7144 2
 -33.5571  -31.6687 2
 -33.5112  -31.6298 2
 -33.4460  -31.5978 2
 -33.3693  -31.5406 2
 -33.3136  -31.4560 2
 -33.2752  -31.3965 2
 -33.2022  -31.3233 2
 -33.1194  -31.2845 2
 -33.0694  -31.2639 2
 -33.0193  -31.2502 2
 -32.9769  -31.2410 2
 -32.9345  -31.2479 2
 -32.8978  -31.3028 2
 -32.8689  -31.3942 2
 -32.8380  -31.4171 2
 -32.7588  -31.4331 2
 -32.6737  -31.4148 2
 -32.5673  -31.4194 2
 -32.4840  -31.3942 2
 -32.4006  -31.3622 2
 -32.3210  -31.3211 2
 -32.2374  -31.2730 2
 -32.1558  -31.2319 2
 -32.0701  -31.1976 2
 -31.9708  -31.1610 2
 -31.9044  -31.1221 2
 -31.8147  -31.0878 2
 -31.7404  -31.0832 2
 -31.6700  -31.0695 2
 -31.5957  -31.0352 2
 -31.5467  -31.0032 2
 -31.5212  -30.9551 2
 -31.5095  -30.9368 2
 -31.5134  -30.8980 2
 -31.5545  -30.8705 2
 -31.6172  -30.8637 2
 -31.6857  -30.8751 2
 -31.7580  -30.8842 2
 -31.8478  -30.8934 2
 -31.9376  -30.9071 2
 -31.9902  -30.9048 2
 -32.0604  -30.8842 2
 -32.1168  -30.8568 2
 -32.1616  -30.8225 2
 -32.2024  -30.7562 2
 -32.2141  -30.7310 2
 -32.2063  -30.6853 2
 -32.2044  -30.6235 2
 -32.1947  -30.5686 2
 -32.1655  -30.5572 2
 -32.1032  -30.5503 2
 -32.0429  -30.5618 2
 -31.9980  -30.5503 2
 -31.9454  -30.5480 2
 -31.8986  -30.5732 2
 -31.8596  -30.6167 2
 -31.8088  -30.6601 2
 -31.7580  -30.7173 2
 -31.7131  -30.7493 2
 -31.6720  -30.7699 2
 -31.6074  -30.7950 2
 -31.5487  -30.8065 2
 -31.4781  -30.8156 2
 -31.3644  -30.7882 2
 -31.2682  -30.8019 2
 -31.2092  -30.7767 2
 -31.1542  -30.7447 2
 -31.1011  -30.7036 2
 -31.0518  -30.6738 2
 -30.9533  -30.6304 2
 -30.9336  -30.6464 2
 -30.8685  -30.6990 2
 -30.8291  -30.7059 2
 -30.7580  -30.6898 2
 -30.6968  -30.6761 2
 -30.6315  -30.6464 2
 -30.5801  -30.6372 2
 -30.5227  -30.6281 2
 -30.5029  -30.6304 2
 -30.4593  -30.6372 2
 -30.4137  -30.6418 2
 -30.3443  -30.6189 2
 -30.2570  -30.5824 2
 -30.1994  -30.5709 2
 -30.1358  -30.5641 2
 -30.0901  -30.5686 2
 -30.0483  -30.6510 2
 -30.0344  -30.7447 2
 -30.0204  -30.8339 2
 -30.0085  -30.9140 2
 -30.0065  -31.0306 2
 -30.0085  -31.1038 2
 -30.0085  -31.1838 2
 -30.0025  -31.2753 2
 -29.9906  -31.3691 2
 -29.9806  -31.4514 2
 -30.0005  -31.5635 2
 -29.9647  -31.5955 2
 -29.9288  -31.6321 2
 -29.8870  -31.6847 2
 -29.8531  -31.7510 2
 -29.7853  -31.8242 2
 -29.7414  -31.8722 2
 -29.6775  -31.8905 2
 -29.6356  -31.9111 2
 -29.5956  -31.9431 2
 -29.5656  -32.0072 2
 -29.5496  -32.0826 2
 -29.5416  -32.1375 2
 -29.5456  -32.2244 2
 -29.5616  -32.2427 2
 -29.6216  -32.2542 2
 -29.7115  -32.2679 2
 -29.7953  -32.2907 2
 -29.9009  -32.2793 2
 -30.0085  -32.2747 2
 -30.0761  -32.2702 2
 -30.1438  -32.2702 2
 -30.2828  -32.2267 2
 -30.3701  -32.1901 2
 -30.4415  -32.1512 2
 -30.4870  -32.1169 2
 -30.5623  -32.0643 2
 -30.6434  -32.0117 2
 -30.7343  -31.9614 2
 -30.8133  -31.9271 2
 -30.8764  -31.9020 2
 -30.9494  -31.8676 2
 -31.0144  -31.8356 2
 -31.0912  -31.7876 2
 -31.1699  -31.7396 2
 -31.2289  -31.6915 2
 -31.2937  -31.6367 2
 -31.3428  -31.6001 2
 -31.4311  -31.5475 2
 -31.4821  -31.5200 2
 -31.5448  -31.5063 2
 -31.5996  -31.4994 2
 -31.6779  -31.4972 2
 -31.7228  -31.5154 2
 -31.7678  -31.5589 2
 -31.8303  -31.6184 2
 -31.8908  -31.6755 2
 -31.9454  -31.7350 2
 -31.9922  -31.8585 2
 -32.0779  -32.0117 2
 -32.0993  -32.1352 2
 -32.1538  -32.1970 2
 -32.1830  -32.2633 2
 -32.2336  -32.3113 2
 -32.2763  -32.3822 2
 -32.3093  -32.4463 2
 -32.3559  -32.5034 2
 -32.4083  -32.5743 2
 -32.4433  -32.6407 2
 -32.4898  -32.7504 2
 -32.5053  -32.8419 2
 -32.5189  -32.9311 2
 -32.5557  -33.0134 2
 -32.5944  -33.0912 2
 -32.6350  -33.2353 2
 -32.6699  -33.3336 2
 -32.6834  -33.4091 2
 -32.7105  -33.4731 2
 -32.7163  -33.6126 2
 -32.7549  -33.6812 2
 -32.8110  -33.7270 2
 -32.8612  -33.7659 2
 -32.9248  -33.8230 2
 -32.9596  -33.8916 2
 -32.9827  -33.9305 2
 -33.0174  -34.0083 2
 -33.0501  -34.0906 2
 -33.0771  -34.1752 2
 -33.0944  -34.2484 2
 -33.1060  -34.3468 2
 -33.1368  -34.4131 2
 -33.1945  -34.4931 2
 -33.2214  -34.5686 2
 -33.2444  -34.6601 2
 -33.2733  -34.7310 2
 -33.2944  -34.7767 2
 -33.3309  -34.8247 2
 -33.3616  -34.8476 2
 -33.4153  -34.8499 2
 -33.4671  -34.8613 2
 -33.5341  -34.8705 2
 -33.6356  -34.9071 2
 -33.6834  -34.9414 2
 -33.7579  -34.9963 2
 -33.7885  -35.0672 2
 -33.7904  -35.1198 2
 -33.7885  -35.2959 2
 -33.8000  -35.4376 2
 -33.7770  -35.5360 2
 -33.7350  -35.6595 2
 -33.7159  -35.7555 2
 -33.6987  -35.8104 2
 -33.6796  -35.9065 2
 -33.6203  -36.0529 2
 -33.5724  -36.1558 2
 -33.5169  -36.2564 2
 -33.4862  -36.3616 2
 -33.4441  -36.4645 2
 -33.3769  -36.5263 2
 -33.2982  -36.5743 2
 -33.2483  -36.6452 2
 -33.2156  -36.6863 2
 -33.1618  -36.7229 2
 -33.0944  -36.7893 2
 -33.0097  -36.8647 2
 -32.9518  -36.9013 2
 -32.9287  -36.9745 2
 -32.8882  -37.0134 2
 -32.8226  -37.0203 2
 -32.7395  -37.0568 2
 -32.6679  -37.0866 2
 -32.6079  -37.1232 2
 -32.5460  -37.1552 2
 -32.4917  -37.1758 2
 -32.4355  -37.1964 2
 -32.3598  -37.2352 2
 -32.2957  -37.2490 2
 -32.2005  -37.3016 2
 -32.1694  -37.3130 2
 -32.1266  -37.3450 2
 -32.0799  -37.3770 2
 -32.0156  -37.4250 2
 -31.9610  -37.4548 2
 -31.9083  -37.5257 2
 -31.8966  -37.5851 2
 -31.8771  -37.6355 2
 -31.8674  -37.6949 2
 -31.8693  -37.7727 2
 -31.8674  -37.8710 2
 -31.8927  -37.9373 2
 -31.9220  -37.9694 2
 -32.0253  -38.0014 2
 -32.1052  -38.0220 2
 -32.1635  -38.0471 2
 -32.2899  -38.0746 2
 -32.3598  -38.1157 2
 -32.4355  -38.1455 2
 -32.4956  -38.1592 2
 -32.5382  -38.2141 2
 -32.5963  -38.2667 2
 -32.6370  -38.3330 2
 -32.6602  -38.4359 2
 -32.6350  -38.4656 2
 -32.6041  -38.5274 2
 -32.5576  -38.5777 2
 -32.4917  -38.6189 2
 -32.4258  -38.6326 2
 -32.3268  -38.6600 2
 -32.2627  -38.7012 2
 -32.1947  -38.7424 2
 -32.1616  -38.7675 2
 -32.0954  -38.8407 2
 -32.0643  -38.8979 2
 -32.0214  -38.9596 2
 -31.9669  -39.0122 2
 -31.9201  -39.0763 2
 -31.8830  -39.1266 2
 -31.7854  -39.1289 2
 -31.6368  -39.1220 2
 -31.5761  -39.1060 2
 -31.5252  -39.0923 2
 -31.4468  -39.0671 2
 -31.3251  -39.0442 2
 -31.2505  -39.0351 2
 -31.2053  -39.0397 2
 -31.1443  -39.0534 2
 -31.0951  -39.0717 2
 -31.0538  -39.1014 2
 -30.9868  -39.1449 2
 -30.9395  -39.1929 2
 -30.8981  -39.2318 2
 -30.8449  -39.2524 2
 -30.7422  -39.2661 2
 -30.6691  -39.2638 2
 -30.6236  -39.2135 2
 -30.5722  -39.1563 2
 -30.5662  -39.0763 2
 -30.5385  -39.0328 2
 -30.4949  -38.9894 2
 -30.4533  -38.9505 2
 -30.4256  -38.9093 2
 -30.3800  -38.8887 2
 -30.3443  -38.8842 2
 -30.2888  -38.8819 2
 -30.2451  -38.8773 2
 -30.1875  -38.8544 2
 -30.1199  -38.7950 2
 -30.1100  -38.7675 2
 -30.0781  -38.7332 2
 -30.0682  -38.7035 2
 -30.0662  -38.6600 2
  99.0000   99.0000 3
