>anchorPlateId 0
>reconstructionTime 0
>
>
>LargeIgneousProvince <identity>GPlates-1ee2fbf2-3727-4bd0-8155-74a9ca85d6de</identity> <revision>GPlates-784df413-3b7c-428f-b1a5-b9326585cbc8</revision>
> name SATL_Margin_SAm
> description Atlantic
> shapefileAttributes KeyValueDictionary ( PLATEID1,  201) ( FROMAGE,  132) ( TOAGE,  -999) ( NAME,  SATL_Margin_SAm) ( DESCR,  Atlantic) ( MatlabAr,  651874) ( AgeRef,  Eldholm and Coffin 2000) ( AgeMethod,  ) ( PBType,  Diffuse Deformation Zone) ( Dist2PB,  0) ( GPGIM_TYPE,  gpml:LargeIgneousProvince) ( FEATURE_ID,  GPlates-40969b66-bccf-4da0-8027-a99b989aa569) ( TYPE,  VP) ( IMPORT_AGE,  0) ( PLATEID2,  0) ( RECON_METH,  ) ( L_PLATE,  0) ( R_PLATE,  0) ( SPREAD_ASY,  0)
> validTime TimePeriod <begin> TimeInstant <timePosition>132</timePosition></begin> <end> TimeInstant <timePosition>http://gplates.org/times/distantFuture</timePosition></end>
> reconstructionPlateId 201
> geometryImportTime TimeInstant <timePosition>0</timePosition>
> conjugatePlateId 0
> leftPlate 0
> rightPlate 0
> spreadingAsymmetry 0
  -39.332899      -24.205400
  -39.388779      -24.356979
  -39.444658      -24.508560
  -39.500538      -24.660139
  -39.556419      -24.811718
  -39.612299      -24.963299
  -39.741920      -25.105343
  -39.871544      -25.247387
  -40.001165      -25.389431
  -40.130789      -25.531477
  -40.260410      -25.673521
  -40.390032      -25.815565
  -40.519655      -25.957609
  -40.649277      -26.099655
  -40.778900      -26.241699
  -40.862020      -26.421238
  -40.945139      -26.600779
  -41.028259      -26.780319
  -41.111380      -26.959858
  -41.194500      -27.139399
  -41.375628      -27.211241
  -41.556757      -27.283085
  -41.737885      -27.354927
  -41.919014      -27.426769
  -42.100143      -27.498613
  -42.281271      -27.570456
  -42.462400      -27.642300
  -42.606613      -27.741098
  -42.750828      -27.839899
  -42.895042      -27.938700
  -43.039257      -28.037500
  -43.183470      -28.136299
  -43.327684      -28.235100
  -43.471899      -28.333900
  -43.633448      -28.315575
  -43.794998      -28.297249
  -43.956549      -28.278925
  -44.118099      -28.260599
  -44.289938      -28.299719
  -44.461779      -28.338839
  -44.633619      -28.377958
  -44.805458      -28.417080
  -44.977299      -28.456200
  -45.150990      -28.393644
  -45.324680      -28.331089
  -45.498371      -28.268536
  -45.672062      -28.205980
  -45.845753      -28.143427
  -46.019444      -28.080872
  -46.193134      -28.018316
  -46.366825      -27.955763
  -46.540518      -27.893208
  -46.714209      -27.830652
  -46.887899      -27.768099
  -47.038950      -27.858023
  -47.189999      -27.947948
  -47.341049      -28.037874
  -47.492100      -28.127800
  -47.579920      -28.296207
  -47.667742      -28.464613
  -47.755564      -28.633020
  -47.843386      -28.801428
  -47.931206      -28.969835
  -48.019028      -29.138243
  -48.106850      -29.306650
  -48.194670      -29.475058
  -48.282492      -29.643463
  -48.370314      -29.811871
  -48.458136      -29.980278
  -48.545956      -30.148685
  -48.633778      -30.317093
  -48.721600      -30.485500
  -48.836599      -30.638645
  -48.951599      -30.791792
  -49.066599      -30.944939
  -49.181599      -31.098085
  -49.296600      -31.251230
  -49.411600      -31.404377
  -49.526600      -31.557524
  -49.641600      -31.710669
  -49.756599      -31.863815
  -49.871599      -32.016962
  -49.986599      -32.170107
  -50.101601      -32.323254
  -50.216600      -32.476400
  -50.306826      -32.651333
  -50.397049      -32.826267
  -50.487274      -33.001200
  -50.577499      -33.176132
  -50.667725      -33.351067
  -50.757950      -33.525999
  -50.848175      -33.700933
  -50.938398      -33.875866
  -51.028624      -34.050800
  -51.118849      -34.225733
  -51.209074      -34.400665
  -51.299299      -34.575600
  -51.124699      -34.599600
  -50.950098      -34.623600
  -50.775499      -34.647600
  -50.871538      -34.811514
  -50.967579      -34.975426
  -51.063620      -35.139339
  -51.159658      -35.303253
  -51.255699      -35.467167
  -51.351738      -35.631081
  -51.447779      -35.794992
  -51.543819      -35.958906
  -51.639858      -36.122820
  -51.735899      -36.286734
  -51.831938      -36.450647
  -51.927979      -36.614559
  -52.024019      -36.778473
  -52.120058      -36.942387
  -52.216099      -37.106300
  -52.299999      -37.285881
  -52.383898      -37.465462
  -52.467798      -37.645042
  -52.551699      -37.824625
  -52.635599      -38.004206
  -52.719500      -38.183786
  -52.803398      -38.363367
  -52.887299      -38.542950
  -52.971199      -38.722530
  -53.055099      -38.902111
  -53.139000      -39.081694
  -53.222900      -39.261274
  -53.306799      -39.440855
  -53.390699      -39.620436
  -53.474600      -39.800018
  -53.558500      -39.979599
  -53.673000      -40.130411
  -53.787500      -40.281223
  -53.901999      -40.432037
  -54.016499      -40.582850
  -54.130999      -40.733662
  -54.245499      -40.884474
  -54.359999      -41.035288
  -54.474499      -41.186100
  -54.614059      -41.326368
  -54.753620      -41.466639
  -54.893181      -41.606909
  -55.032742      -41.747177
  -55.172302      -41.887447
  -55.311863      -42.027718
  -55.451424      -42.167986
  -55.590984      -42.308256
  -55.730547      -42.448526
  -55.870108      -42.588795
  -56.009668      -42.729065
  -56.149229      -42.869335
  -56.288790      -43.009604
  -56.428350      -43.149874
  -56.567911      -43.290144
  -56.707472      -43.430412
  -56.847033      -43.570683
  -56.986593      -43.710951
  -57.126154      -43.851221
  -57.265715      -43.991491
  -57.405277      -44.131760
  -57.544838      -44.272030
  -57.684399      -44.412300
  -57.753698      -44.589016
  -57.822998      -44.765732
  -57.892298      -44.942450
  -57.961597      -45.119165
  -58.030899      -45.295881
  -58.100199      -45.472599
  -58.102842      -45.658487
  -58.105488      -45.844376
  -58.108131      -46.030266
  -58.110777      -46.216154
  -58.113420      -46.402042
  -58.116064      -46.587933
  -58.118710      -46.773821
  -58.121353      -46.959709
  -58.123999      -47.145599
  -58.295774      -47.138399
  -58.467548      -47.131199
  -58.639324      -47.123999
  -58.811100      -47.116800
  -58.816954      -46.923664
  -58.822809      -46.730528
  -58.828663      -46.537390
  -58.834518      -46.344254
  -58.840372      -46.151117
  -58.846226      -45.957981
  -58.852081      -45.764845
  -58.857935      -45.571709
  -58.863791      -45.378572
  -58.869644      -45.185436
  -58.875500      -44.992300
  -58.813700      -44.815750
  -58.751900      -44.639200
  -58.690100      -44.462650
  -58.628300      -44.286100
  -58.515699      -44.123812
  -58.403099      -43.961521
  -58.290499      -43.799232
  -58.177898      -43.636944
  -58.065298      -43.474655
  -57.952698      -43.312365
  -57.840099      -43.150076
  -57.727499      -42.987787
  -57.614899      -42.825499
  -57.465185      -42.705717
  -57.315472      -42.585934
  -57.165758      -42.466152
  -57.016045      -42.346371
  -56.866331      -42.226589
  -56.716616      -42.106808
  -56.566902      -41.987026
  -56.417189      -41.867245
  -56.267475      -41.747463
  -56.117762      -41.627680
  -55.968048      -41.507898
  -55.818335      -41.388117
  -55.668621      -41.268335
  -55.518908      -41.148554
  -55.369194      -41.028772
  -55.219481      -40.908991
  -55.069767      -40.789207
  -54.920053      -40.669426
  -54.770340      -40.549644
  -54.620626      -40.429863
  -54.470913      -40.310081
  -54.321199      -40.190300
  -54.260527      -40.008629
  -54.199856      -39.826956
  -54.139185      -39.645285
  -54.078514      -39.463614
  -54.017841      -39.281942
  -53.957170      -39.100271
  -53.896500      -38.918600
  -53.835827      -38.736929
  -53.775156      -38.555256
  -53.714485      -38.373585
  -53.653814      -38.191914
  -53.593142      -38.010242
  -53.532471      -37.828571
  -53.471800      -37.646900
  -53.411127      -37.465229
  -53.350456      -37.283556
  -53.289785      -37.101885
  -53.229115      -36.920214
  -53.168442      -36.738543
  -53.107771      -36.556871
  -53.047100      -36.375200
  -52.954672      -36.212727
  -52.862246      -36.050255
  -52.769817      -35.887781
  -52.677391      -35.725309
  -52.584963      -35.562836
  -52.492535      -35.400362
  -52.400108      -35.237890
  -52.307680      -35.075417
  -52.215254      -34.912945
  -52.122826      -34.750471
  -52.030399      -34.587999
  -52.178299      -34.573099
  -52.326199      -34.558199
  -52.254856      -34.397028
  -52.183512      -34.235855
  -52.112169      -34.074684
  -52.040827      -33.913513
  -51.969484      -33.752342
  -51.898142      -33.591171
  -51.826799      -33.430000
  -51.851233      -33.271633
  -51.875666      -33.113266
  -51.900099      -32.954899
  -51.789019      -32.789339
  -51.677938      -32.623779
  -51.566858      -32.458220
  -51.455780      -32.292660
  -51.344700      -32.127100
  -51.330732      -31.951300
  -51.316765      -31.775499
  -51.302799      -31.599699
  -51.201532      -31.475132
  -51.100266      -31.350565
  -50.998999      -31.226000
  -50.873232      -31.173599
  -50.747465      -31.121199
  -50.621700      -31.068800
  -50.519833      -30.916283
  -50.417967      -30.763765
  -50.316099      -30.611250
  -50.214233      -30.458733
  -50.112366      -30.306215
  -50.010500      -30.153700
  -49.861465      -30.037849
  -49.712433      -29.921999
  -49.563398      -29.806149
  -49.414366      -29.690298
  -49.265331      -29.574450
  -49.116299      -29.458599
  -49.014999      -29.311899
  -48.913698      -29.165199
  -48.812399      -29.018499
  -48.711100      -28.871799
  -48.609800      -28.725100
  -48.544140      -28.549759
  -48.478479      -28.374420
  -48.412819      -28.199080
  -48.347160      -28.023739
  -48.281500      -27.848400
  -48.331566      -27.679565
  -48.381632      -27.510733
  -48.431700      -27.341900
  -48.417725      -27.191725
  -48.403749      -27.041550
  -48.389774      -26.891375
  -48.375799      -26.741199
  -48.282198      -26.576340
  -48.188599      -26.411478
  -48.094999      -26.246618
  -48.001398      -26.081758
  -47.907799      -25.916899
  -47.782925      -25.830448
  -47.658049      -25.743999
  -47.533175      -25.657549
  -47.408300      -25.571100
  -47.222599      -25.532099
  -47.036900      -25.493099
  -46.851200      -25.454100
  -46.665499      -25.415098
  -46.479799      -25.376099
  -46.294100      -25.337099
  -46.142448      -25.228815
  -45.990799      -25.120531
  -45.839149      -25.012249
  -45.687500      -24.903965
  -45.535851      -24.795681
  -45.384199      -24.687399
  -45.232550      -24.579115
  -45.080900      -24.470831
  -44.929251      -24.362549
  -44.777599      -24.254265
  -44.625950      -24.145981
  -44.474300      -24.037699
  -44.276766      -24.057499
  -44.079233      -24.077299
  -43.881699      -24.097099
  -43.684166      -24.116899
  -43.486633      -24.136700
  -43.289099      -24.156500
  -43.091566      -24.176300
  -42.894032      -24.196100
  -42.696499      -24.215900
  -42.560978      -24.129259
  -42.425459      -24.042620
  -42.289940      -23.955980
  -42.154419      -23.869339
  -42.018900      -23.782700
  -41.959013      -23.606070
  -41.899128      -23.429441
  -41.839241      -23.252813
  -41.779356      -23.076185
  -41.719471      -22.899555
  -41.659584      -22.722927
  -41.599699      -22.546299
  -41.447773      -22.444124
  -41.295849      -22.341949
  -41.143923      -22.239775
  -40.991999      -22.137600
  -40.873232      -21.985100
  -40.754465      -21.832600
  -40.635700      -21.680099
  -40.580589      -21.493422
  -40.525478      -21.306744
  -40.470366      -21.120066
  -40.415255      -20.933388
  -40.360144      -20.746710
  -40.305033      -20.560032
  -40.249922      -20.373356
  -40.194811      -20.186678
  -40.139700      -20.000000
  -40.118740      -19.803699
  -40.097778      -19.607399
  -40.076818      -19.411098
  -40.055859      -19.214800
  -40.034899      -19.018499
  -39.918642      -18.858828
  -39.802383      -18.699156
  -39.686127      -18.539484
  -39.569870      -18.379812
  -39.453613      -18.220140
  -39.337357      -18.060471
  -39.221100      -17.900799
  -39.191759      -17.720558
  -39.162420      -17.540319
  -39.133080      -17.360079
  -39.103739      -17.179838
  -39.074400      -16.999599
  -39.158232      -16.850599
  -39.242065      -16.701599
  -39.325899      -16.552599
  -39.208899      -16.395399
  -39.091900      -16.238199
  -39.089800      -16.039120
  -39.087700      -15.840038
  -39.085600      -15.640959
  -39.083500      -15.441879
  -39.081400      -15.242800
  -39.010839      -15.098179
  -38.940279      -14.953560
  -38.869719      -14.808939
  -38.799160      -14.664318
  -38.728600      -14.519699
  -38.592365      -14.526699
  -38.456131      -14.533699
  -38.319899      -14.540699
  -38.359488      -14.723877
  -38.399076      -14.907055
  -38.438665      -15.090231
  -38.478254      -15.273409
  -38.517843      -15.456587
  -38.557432      -15.639765
  -38.597021      -15.822943
  -38.636610      -16.006121
  -38.676199      -16.189299
  -38.547850      -16.325523
  -38.419498      -16.461748
  -38.291149      -16.597973
  -38.162800      -16.734200
  -38.220400      -16.828499
  -38.278000      -16.922800
  -38.449165      -16.969366
  -38.620333      -17.015932
  -38.791500      -17.062500
  -38.845032      -17.254599
  -38.898565      -17.446699
  -38.952099      -17.638800
  -38.841499      -17.801800
  -38.730900      -17.964800
  -38.620300      -18.127800
  -38.439548      -18.212500
  -38.258799      -18.297199
  -38.078049      -18.381899
  -37.897299      -18.466600
  -37.860649      -18.566149
  -37.823999      -18.665699
  -37.944139      -18.803318
  -38.064280      -18.940939
  -38.184420      -19.078560
  -38.304560      -19.216179
  -38.424700      -19.353800
  -38.515516      -19.515633
  -38.606333      -19.677465
  -38.697149      -19.839298
  -38.787966      -20.001131
  -38.878782      -20.162966
  -38.969599      -20.324799
  -38.984978      -20.514118
  -39.000359      -20.703440
  -39.015739      -20.892759
  -39.031118      -21.082079
  -39.046499      -21.271400
  -39.000198      -21.419849
  -38.953899      -21.568300
  -38.907598      -21.716749
  -38.861300      -21.865200
  -38.935360      -22.040539
  -39.009418      -22.215879
  -39.083479      -22.391220
  -39.157539      -22.566559
  -39.231600      -22.741899
  -39.244263      -22.924837
  -39.256924      -23.107775
  -39.269587      -23.290712
  -39.282249      -23.473650
  -39.294912      -23.656588
  -39.307573      -23.839525
  -39.320236      -24.022463
  -39.332899      -24.205400
>