>anchorPlateId 0
>reconstructionTime 0
>
>
>LargeIgneousProvince <identity>GPlates-997a965b-2a53-4a36-a476-9db6f46f7b00</identity> <revision>GPlates-768e0dfa-2c14-4c0b-b5ee-6f386f2d19d3</revision>
> name SATL_Margin_Africa
> description Atlantic
> shapefileAttributes KeyValueDictionary ( PLATEID1,  701) ( FROMAGE,  132) ( TOAGE,  -999) ( NAME,  SATL_Margin_Africa) ( DESCR,  Atlantic) ( MatlabAr,  154380) ( AgeRef,  Eldholm and Coffin 2000) ( AgeMethod,  ) ( PBType,  Diffuse Deformation Zone) ( Dist2PB,  0) ( GPGIM_TYPE,  gpml:LargeIgneousProvince) ( FEATURE_ID,  GPlates-abe6cb55-3241-4418-8cbd-03048833492f) ( TYPE,  VP) ( IMPORT_AGE,  0) ( PLATEID2,  0) ( RECON_METH,  ) ( L_PLATE,  0) ( R_PLATE,  0) ( SPREAD_ASY,  0)
> validTime TimePeriod <begin> TimeInstant <timePosition>132</timePosition></begin> <end> TimeInstant <timePosition>http://gplates.org/times/distantFuture</timePosition></end>
> reconstructionPlateId 701
> geometryImportTime TimeInstant <timePosition>0</timePosition>
> conjugatePlateId 0
> leftPlate 0
> rightPlate 0
> spreadingAsymmetry 0
  10.797102      -19.668749
  10.893999      -19.793900
  11.082201      -19.729549
  11.270399      -19.665199
  11.342199      -19.769850
  11.414000      -19.874500
  11.425074      -20.054026
  11.436152      -20.233549
  11.447226      -20.413074
  11.458300      -20.592600
  11.533918      -20.777290
  11.609537      -20.961981
  11.685156      -21.146671
  11.760775      -21.331362
  11.836393      -21.516054
  11.912012      -21.700745
  11.987631      -21.885435
  12.063250      -22.070126
  12.138865      -22.254816
  12.214483      -22.439508
  12.290102      -22.624199
  12.315138      -22.805931
  12.340170      -22.987665
  12.365202      -23.169399
  12.390238      -23.351131
  12.415270      -23.532866
  12.440302      -23.714600
  12.503183      -23.887400
  12.566065      -24.060200
  12.628950      -24.233000
  12.691832      -24.405800
  12.754713      -24.578600
  12.817595      -24.751400
  12.880476      -24.924200
  12.943357      -25.097000
  13.006239      -25.269800
  13.069120      -25.442600
  13.132002      -25.615400
  13.170710      -25.799351
  13.209421      -25.983299
  13.248129      -26.167250
  13.286837      -26.351200
  13.325544      -26.535151
  13.364252      -26.719099
  13.402960      -26.903049
  13.441671      -27.087000
  13.480379      -27.270950
  13.519087      -27.454899
  13.557795      -27.638849
  13.596502      -27.822800
  13.701162      -27.979198
  13.805822      -28.135599
  13.910482      -28.292000
  14.015142      -28.448399
  14.119802      -28.604799
  14.154802      -28.787899
  14.189802      -28.970999
  14.224802      -29.154099
  14.259802      -29.337200
  14.386328      -29.487900
  14.512854      -29.638599
  14.639376      -29.789299
  14.765902      -29.939999
  14.790640      -30.129385
  14.815378      -30.318773
  14.840113      -30.508162
  14.864851      -30.697548
  14.889589      -30.886936
  14.914328      -31.076324
  14.939062      -31.265711
  14.963800      -31.455099
  15.056734      -31.596199
  15.149668      -31.737299
  15.242601      -31.878399
  15.389620      -31.988781
  15.536634      -32.099165
  15.683653      -32.209549
  15.830667      -32.319931
  15.977686      -32.430315
  16.124701      -32.540699
  16.216703      -32.689171
  16.308702      -32.837641
  16.400702      -32.986113
  16.492701      -33.134584
  16.584703      -33.283056
  16.676702      -33.431528
  16.768702      -33.580000
  16.712069      -33.742365
  16.655436      -33.904732
  16.598803      -34.067099
  16.421137      -34.113865
  16.243471      -34.160631
  16.065802      -34.207399
  15.954195      -34.054617
  15.842592      -33.901834
  15.730986      -33.749052
  15.619379      -33.596270
  15.507772      -33.443487
  15.396166      -33.290705
  15.284559      -33.137922
  15.172956      -32.985140
  15.061350      -32.832357
  14.949743      -32.679575
  14.838137      -32.526793
  14.726530      -32.374010
  14.614927      -32.221230
  14.503321      -32.068447
  14.391714      -31.915665
  14.280107      -31.762882
  14.168501      -31.610100
  14.100901      -31.440298
  14.033300      -31.270498
  13.965700      -31.100698
  13.898100      -30.930899
  13.882700      -30.755148
  13.867300      -30.579399
  13.851900      -30.403648
  13.836500      -30.227900
  13.821100      -30.052149
  13.805700      -29.876400
  13.705103      -29.708448
  13.604502      -29.540499
  13.503901      -29.372549
  13.403299      -29.204599
  13.350523      -29.022665
  13.297747      -28.840733
  13.244967      -28.658798
  13.192190      -28.476866
  13.139414      -28.294933
  13.086634      -28.112999
  13.033857      -27.931067
  12.981081      -27.749132
  12.928301      -27.567200
  12.846819      -27.387375
  12.765337      -27.207550
  12.683851      -27.027723
  12.602369      -26.847898
  12.520887      -26.668074
  12.439402      -26.488249
  12.357920      -26.308424
  12.276438      -26.128599
  12.194952      -25.948774
  12.113470      -25.768950
  12.031988      -25.589125
  11.950502      -25.409300
  11.925650      -25.219069
  11.900797      -25.028837
  11.875940      -24.838608
  11.851088      -24.648376
  11.826235      -24.458145
  11.801378      -24.267916
  11.776525      -24.077684
  11.751673      -23.887453
  11.726816      -23.697224
  11.701963      -23.506992
  11.677111      -23.316761
  11.652258      -23.126530
  11.627401      -22.936300
  11.514906      -22.773632
  11.402411      -22.610966
  11.289915      -22.448298
  11.177416      -22.285631
  11.064920      -22.122965
  10.952425      -21.960297
  10.839930      -21.797630
  10.727434      -21.634962
  10.614935      -21.472296
  10.502439      -21.309629
  10.389944      -21.146961
  10.277449      -20.984295
  10.214048      -20.820213
  10.150648      -20.656134
  10.087248      -20.492054
  10.023851      -20.327974
   9.960451      -20.163893
   9.897051      -19.999813
   9.833651      -19.835733
  10.006960      -19.777306
  10.180273      -19.718880
  10.353582      -19.660454
  10.526892      -19.602026
  10.700201      -19.543600
  10.797102      -19.668749
>