>anchorPlateId 0
>reconstructionTime 0
>Ontong.gpml Hess.gpml broken_ridge.gpml centralKerguelen.gpml northKerguelen.gpml Manihiki.gpml Africa.gpml Shatsky.gpml elan.gpml madagascar.gpml southernKerguelen.gpml conrad.gpml Agrentine.gpml iceland.gpml Hikurangi2.gpml delCano.gpml Hikurangi.gpml antarctic.gpml MendelevRidge2.gpml MendelevRidge.gpml chagon.gpml
>
>LargeIgneousProvince <identity>GPlates-db8dafcd-ce00-4212-b14a-13bb0f72b60b</identity> <revision>GPlates-3cbc0fab-d052-4d36-a130-7a851d9e9c7e</revision>
> name 5000 METERS SHATSKY RISE, N.W. PACIFIC
> description age from Mahoney et al. (2005)
> shapefileAttributes KeyValueDictionary ( PLATEID1,  901) ( TYPE,  VP) ( FROMAGE,  147) ( TOAGE,  0) ( NAME,  5000 METERS SHATSKY RISE, N.W. PACIFIC) ( DESCR,  age from Mahoney et al. (2005)) ( GPGIM_TYPE,  gpml:LargeIgneousProvince) ( FEATURE_ID,  GPlates-0f13672a-9f94-407d-a667-45de4d769b6c) ( REF,  Coffin (2005)) ( PLATEID2,  0) ( RECON_METH,  ) ( L_PLATE,  0) ( R_PLATE,  0) ( SPREAD_ASY,  0) ( IMPORT_AGE,  0)
> validTime TimePeriod <begin> TimeInstant <timePosition>147</timePosition></begin> <end> TimeInstant <timePosition>0</timePosition></end>
> reconstructionPlateId 901
> geometryImportTime TimeInstant <timePosition>0</timePosition>
> conjugatePlateId 0
> leftPlate 0
> rightPlate 0
> spreadingAsymmetry 0
  158.978102      35.249002
  159.131300      35.297800
  159.231901      35.314600
  159.341600      35.335199
  159.421602      35.352102
  159.487902      35.365202
  159.526800      35.419500
  159.503901      35.494303
  159.417101      35.524202
  159.247900      35.520502
  159.103903      35.514902
  158.959902      35.505503
  158.806700      35.473700
  158.692400      35.425100
  158.596399      35.389502
  158.472902      35.389502
  158.317499      35.378302
  158.200899      35.323999
  158.134600      35.241503
  158.136900      35.215300
  158.139200      35.160803
  158.123201      35.081900
  158.152903      35.033102
  158.210001      35.010500
  158.189501      34.959700
  158.072901      34.903200
  157.885401      34.865602
  157.789400      34.858000
  157.688803      34.873102
  157.634001      34.925802
  157.640802      34.940901
  157.624800      34.989801
  157.622499      35.050001
  157.604200      35.132700
  157.583700      35.217100
  157.567701      35.279001
  157.526503      35.357702
  157.483103      35.423201
  157.425901      35.458799
  157.361902      35.488703
  157.288801      35.526102
  157.247602      35.569101
  157.222502      35.610102
  157.217901      35.653101
  157.217901      35.707201
  157.215601      35.742601
  157.222502      35.768702
  157.229300      35.800303
  157.233900      35.822702
  157.227102      35.841299
  157.215601      35.859900
  157.165300      35.880400
  157.117300      35.900801
  157.066999      35.936201
  157.051001      35.967802
  157.064699      35.988199
  157.110502      36.017900
  157.117300      36.043901
  157.046400      36.075502
  157.007601      36.121901
  157.007601      36.159002
  157.087603      36.183001
  157.323099      36.227503
  157.448801      36.231199
  157.549402      36.257101
  157.569902      36.307100
  157.558500      36.395903
  157.492201      36.479002
  157.416800      36.545401
  157.348200      36.652300
  157.341299      36.711302
  157.341299      36.770102
  157.359602      36.832602
  157.393900      36.933702
  157.435102      36.985003
  157.480803      37.052801
  157.528799      37.118799
  157.590502      37.188299
  157.672800      37.261400
  157.773401      37.312601
  157.894602      37.365499
  158.036303      37.394701
  158.173502      37.418402
  158.605501      37.464003
  158.827299      37.498602
  159.065001      37.544100
  159.213602      37.569601
  159.385099      37.593302
  159.519899      37.615103
  159.686800      37.627802
  159.837702      37.669600
  159.974901      37.696901
  160.070902      37.738600
  160.128000      37.765902
  160.198900      37.805799
  160.281202      37.854700
  160.324602      37.887300
  160.416002      37.921801
  160.470900      37.945299
  160.532602      37.963400
  160.512102      37.997801
  160.489202      38.008600
  160.477800      38.050200
  160.521200      38.080999
  160.665201      38.086401
  160.800100      38.080999
  160.916700      38.070101
  161.028700      38.064699
  161.113302      38.064699
  161.257299      38.090002
  161.376200      38.115301
  161.483603      38.136900
  161.579702      38.176702
  161.650499      38.209101
  161.693899      38.243402
  161.700800      38.284903
  161.659700      38.311899
  161.584200      38.349703
  161.559099      38.374903
  161.543100      38.407301
  161.543100      38.428900
  161.563601      38.457602
  161.620802      38.484602
  161.703100      38.513300
  161.908800      38.570803
  162.089399      38.612001
  162.302000      38.656900
  162.468901      38.685499
  162.649500      38.705301
  162.724901      38.703501
  162.759199      38.689100
  162.843801      38.701700
  162.900999      38.726702
  162.994699      38.730303
  163.170702      38.655100
  163.310202      38.586901
  163.454203      38.507902
  163.589102      38.409101
  163.685102      38.306501
  163.774202      38.183901
  163.813101      38.093599
  163.838202      38.017702
  163.900000      37.965200
  163.964003      37.981501
  164.059999      38.010401
  164.135401      38.030302
  164.226900      38.014101
  164.256601      37.956202
  164.188002      37.883699
  164.089701      37.834803
  163.970800      37.771299
  163.874800      37.707800
  163.861101      37.675100
  163.877100      37.644201
  163.952501      37.618700
  164.128599      37.580500
  164.281702      37.553202
  164.352602      37.529600
  164.382299      37.502199
  164.364000      37.438501
  164.302301      37.376501
  164.204000      37.354601
  164.117102      37.374601
  164.080603      37.411100
  164.014299      37.433001
  163.925100      37.420202
  163.840502      37.409300
  163.797102      37.371000
  163.902300      37.303499
  163.989100      37.272402
  164.069101      37.226702
  164.087400      37.146200
  164.044001      37.089502
  163.964003      37.074800
  163.904501      37.027201
  163.920500      36.964800
  163.945700      36.915300
  163.996000      36.874903
  164.041700      36.836302
  164.048601      36.797701
  163.989100      36.770102
  163.904501      36.792200
  163.856501      36.840002
  163.842802      36.867601
  163.794802      36.863901
  163.726202      36.863901
  163.664499      36.884100
  163.554800      36.867601
  163.378801      36.814302
  163.198202      36.753599
  163.131903      36.665201
  163.015303      36.598902
  162.850702      36.604403
  162.715799      36.580500
  162.578600      36.560202
  162.489500      36.554701
  162.409502      36.563902
  162.329500      36.565702
  162.254000      36.528799
  162.183203      36.425402
  162.192301      36.310801
  162.235701      36.238600
  162.320299      36.186800
  162.398001      36.184900
  162.503202      36.222002
  162.638102      36.264502
  162.775202      36.283102
  162.859800      36.283102
  162.944403      36.227503
  162.992399      36.155199
  163.038099      36.120001
  163.099901      36.051302
  163.070101      35.984503
  162.976400      35.932501
  162.878099      35.887800
  162.759199      35.861799
  162.656401      35.861799
  162.562601      35.874800
  162.452902      35.861799
  162.388903      35.809603
  162.336302      35.694101
  162.327200      35.617601
  162.338602      35.554102
  162.404902      35.516703
  162.498602      35.466299
  162.530600      35.445700
  162.555799      35.425100
  162.544302      35.385801
  162.448301      35.369001
  162.361502      35.348402
  162.267702      35.327803
  162.190001      35.309000
  162.144300      35.277102
  162.103102      35.247103
  162.094000      35.190901
  162.128302      35.160803
  162.162600      35.145800
  162.187700      35.117601
  162.201403      35.078199
  162.201403      35.046202
  162.180902      35.027399
  162.158003      35.019899
  162.135099      35.014299
  162.110003      35.014299
  162.084902      35.014299
  161.986601      34.989801
  161.918001      34.986002
  161.840300      34.959700
  161.703100      34.950300
  161.632200      34.923903
  161.620802      34.859900
  161.618502      34.793901
  161.581900      34.726000
  161.540800      34.665602
  161.547602      34.601301
  161.625402      34.559702
  161.696199      34.523802
  161.792200      34.467001
  161.837999      34.421602
  161.874502      34.362803
  161.858500      34.304003
  161.785402      34.266100
  161.700800      34.285002
  161.634501      34.317301
  161.545301      34.349501
  161.469900      34.358999
  161.456202      34.323000
  161.513399      34.247103
  161.577402      34.184401
  161.657400      34.119802
  161.709902      34.058901
  161.737402      33.988501
  161.698500      33.929502
  161.565901      33.933302
  161.449301      33.971399
  161.383001      33.984701
  161.282499      33.944700
  161.156702      33.866503
  161.060701      33.776899
  161.044703      33.646902
  161.008101      33.612501
  160.912100      33.568502
  160.692701      33.536001
  160.585199      33.537901
  160.493799      33.530199
  160.448099      33.499601
  160.459501      33.346201
  160.486902      33.236799
  160.470900      33.127199
  160.347502      32.940401
  160.288133      32.845488
  160.239186      32.758389
  160.195773      32.661342
  160.134901      32.521101
  160.093702      32.468801
  159.981703      32.329203
  159.897100      32.162100
  159.876120      32.037016
  159.899401      31.910902
  159.930332      31.870672
  159.997702      31.797701
  160.077700      31.702002
  160.075399      31.637503
  160.096003      31.572901
  160.143999      31.516199
  160.176001      31.427999
  160.089201      31.384802
  159.840002      31.494600
  159.757700      31.461302
  159.763816      31.169084
  159.766802      31.080400
  159.748503      30.968203
  159.734300      30.919621
  159.698202      30.794600
  159.638800      30.676203
  159.547400      30.634703
  158.983971      30.676165
  158.900400      30.684099
  158.738100      30.719603
  158.616899      30.719603
  158.468401      30.636602
  158.388399      30.634703
  158.147506      30.758922
  158.053950      30.786944
  157.842742      30.830850
  157.700300      30.845900
  157.541358      30.874351
  157.359602      30.879499
  157.289879      30.867118
  157.204203      30.851900
  157.156190      30.859159
  157.073900      30.871599
  156.971003      30.877501
  156.847601      30.851900
  156.891901      30.767224
  157.062502      30.672201
  157.133303      30.561502
  157.188200      30.422899
  157.213301      30.234503
  157.094500      30.196802
  157.047885      30.220173
  156.951038      30.294751
  156.884100      30.371401
  156.846656      30.396823
  156.767500      30.450602
  156.607500      30.529802
  156.237477      30.777171
  155.743402      31.288702
  155.587999      31.520102
  155.459902      31.600302
  155.215300      31.672701
  155.101000      31.715700
  154.970701      31.830900
  154.909002      31.948000
  154.840403      31.986902
  154.737600      32.000601
  154.399202      32.012201
  154.284903      32.025900
  154.166002      32.051203
  154.095201      32.084299
  154.054003      32.131002
  154.027082      32.227881
  153.974001      32.304003
  153.923700      32.337000
  153.932901      32.391302
  153.983202      32.451403
  154.095201      32.501802
  154.246099      32.554102
  154.515802      32.664400
  154.719301      32.822802
  155.003643      32.883866
  155.112501      32.903799
  155.216037      32.923239
  155.336095      32.938382
  155.454681      32.939593
  155.549101      32.934702
  155.629018      32.916324
  155.700003      32.900000
  155.750091      32.875386
  155.798300      32.851702
  155.901201      32.820902
  156.017702      32.805403
  156.077804      32.807712
  156.168600      32.811201
  156.335501      32.901899
  156.431501      32.975100
  156.536699      32.986700
  156.646402      32.986700
  156.774401      33.007902
  156.872702      33.038702
  156.957300      33.084902
  157.012201      33.127199
  157.060202      33.219500
  157.067598      33.251997
  157.085302      33.329000
  157.057901      33.401899
  157.025900      33.470900
  157.023600      33.543600
  157.060202      33.564699
  157.121901      33.591501
  157.350500      33.675600
  157.400801      33.698603
  157.416800      33.742502
  157.380201      33.784502
  157.268202      33.815001
  157.195002      33.824602
  157.215601      33.857000
  157.270502      33.878000
  157.341299      33.912302
  157.441900      33.988501
  157.428202      34.060801
  157.419100      34.098902
  157.432802      34.129301
  157.478502      34.199602
  157.483103      34.292601
  157.457899      34.353300
  157.439699      34.423502
  157.572203      34.457502
  157.615702      34.527601
  157.659101      34.622103
  157.711702      34.663702
  157.823702      34.691999
  158.022600      34.709002
  158.296900      34.718401
  158.694700      34.733500
  158.866102      34.760000
  159.028402      34.765600
  159.014700      34.799601
  158.907301      34.848600
  158.843302      34.893801
  158.724401      35.016199
  158.699202      35.046202
  158.690100      35.087603
  158.717501      35.136400
  158.786100      35.185202
  158.870703      35.215300
  158.978102      35.249002
>