>anchorPlateId 0
>reconstructionTime 0
>
>
>LargeIgneousProvince <identity>GPlates-74484db6-ab1e-4f54-8267-d5863aa286ee</identity> <revision>GPlates-39a4061a-6063-4e47-bee6-0e823b9dedaf</revision>
> name Sierra_Leone_Rise
> description Atlantic
> shapefileAttributes KeyValueDictionary ( PLATEID1,  714) ( FROMAGE,  80) ( TOAGE,  -999) ( NAME,  Sierra_Leone_Rise) ( DESCR,  Atlantic) ( MatlabAr,  158663) ( AgeRef,  Kumar+Embly_1977_GSABull) ( AgeMethod,  tectonic reconstruction) ( PBType,  MOR) ( Dist2PB,  0) ( GPGIM_TYPE,  gpml:LargeIgneousProvince) ( FEATURE_ID,  GPlates-5c75cdd4-4ae7-4ad6-9299-cd91bd593682) ( TYPE,  VP) ( IMPORT_AGE,  0) ( PLATEID2,  0) ( RECON_METH,  ) ( L_PLATE,  0) ( R_PLATE,  0) ( SPREAD_ASY,  0)
> validTime TimePeriod <begin> TimeInstant <timePosition>80</timePosition></begin> <end> TimeInstant <timePosition>http://gplates.org/times/distantFuture</timePosition></end>
> reconstructionPlateId 714
> geometryImportTime TimeInstant <timePosition>0</timePosition>
> conjugatePlateId 0
> leftPlate 0
> rightPlate 0
> spreadingAsymmetry 0
  -20.399399       7.660002
  -20.323200       7.520903
  -20.150650       7.605303
  -19.978100       7.689699
  -19.928949       7.522001
  -19.879799       7.354300
  -19.741098       7.428835
  -19.602398       7.503370
  -19.463699       7.577902
  -19.587149       7.435827
  -19.710600       7.293753
  -19.834049       7.151674
  -19.957500       7.009600
  -19.792900       6.946753
  -19.628300       6.883902
  -19.643148       6.688501
  -19.657999       6.493101
  -19.582098       6.321020
  -19.506199       6.148943
  -19.430300       5.976862
  -19.354399       5.804781
  -19.278500       5.632700
  -19.285349       5.466600
  -19.292200       5.300501
  -19.409567       5.200434
  -19.526934       5.100367
  -19.644300       5.000299
  -19.691532       4.811468
  -19.738766       4.622637
  -19.785999       4.433802
  -19.914598       4.348330
  -20.043200       4.262854
  -20.171799       4.177378
  -20.300400       4.091902
  -20.452999       4.064352
  -20.605598       4.036802
  -20.758198       4.009253
  -20.910799       3.981703
  -21.077648       4.039053
  -21.244499       4.096399
  -21.393099       4.022951
  -21.541698       3.949503
  -21.690300       3.876051
  -21.838900       3.802603
  -21.997398       3.826338
  -22.155899       3.850069
  -22.314400       3.873800
  -22.468332       3.782701
  -22.622265       3.691603
  -22.776199       3.600500
  -22.861532       3.706903
  -22.946865       3.813303
  -23.032200       3.919703
  -23.013655       4.116903
  -22.995110       4.314104
  -22.976566       4.511305
  -22.958021       4.708502
  -22.939476       4.905703
  -22.920933       5.102903
  -22.902388       5.300104
  -22.883842       5.497301
  -22.865299       5.694502
  -22.947216       5.842852
  -23.029133       5.991201
  -23.111050       6.139551
  -23.192966       6.287901
  -23.274883       6.436251
  -23.356800       6.584600
  -23.362900       6.768137
  -23.368999       6.951670
  -23.375099       7.135202
  -23.257732       7.199869
  -23.140366       7.264536
  -23.022999       7.329203
  -22.869099       7.252337
  -22.715199       7.175470
  -22.561300       7.098600
  -22.494999       7.241301
  -22.428699       7.384001
  -22.287733       7.427370
  -22.146767       7.470736
  -22.005800       7.514101
  -21.944832       7.649370
  -21.883865       7.784636
  -21.822899       7.919901
  -21.659449       7.930201
  -21.496000       7.940500
  -21.517700       8.043001
  -21.539400       8.145502
  -21.421700       8.291254
  -21.303999       8.437002
  -21.178823       8.316851
  -21.053648       8.196703
  -20.928473       8.076551
  -20.803299       7.956400
  -20.677549       7.947302
  -20.551800       7.938200
  -20.475599       7.799101
  -20.399399       7.660002
>