>anchorPlateId 0
>reconstructionTime 0
>Ontong.gpml Hess.gpml broken_ridge.gpml centralKerguelen.gpml northKerguelen.gpml Manihiki.gpml Africa.gpml Shatsky.gpml elan.gpml madagascar.gpml southernKerguelen.gpml conrad.gpml Agrentine.gpml iceland.gpml Hikurangi2.gpml delCano.gpml Hikurangi.gpml antarctic.gpml MendelevRidge2.gpml MendelevRidge.gpml chagon.gpml
>
>LargeIgneousProvince <identity>GPlates-51f4ba6d-3128-4614-9d25-e85820baadd5</identity> <revision>GPlates-799632db-eeba-4ab3-a57e-c6c3c2680cb2</revision>
> name SOUTHERN KERGUELEN
> description 
> shapefileAttributes KeyValueDictionary ( PLATEID1,  514) ( TYPE,  VP) ( FROMAGE,  110) ( TOAGE,  0) ( NAME,  SOUTHERN KERGUELEN) ( DESCR,  ) ( GPGIM_TYPE,  gpml:LargeIgneousProvince) ( FEATURE_ID,  GPlates-90c0284a-59d3-425f-abd2-314c4882fc19) ( REF,  EarthByte Database) ( PLATEID2,  0) ( RECON_METH,  ) ( L_PLATE,  0) ( R_PLATE,  0) ( SPREAD_ASY,  0) ( IMPORT_AGE,  0)
> validTime TimePeriod <begin> TimeInstant <timePosition>110</timePosition></begin> <end> TimeInstant <timePosition>0</timePosition></end>
> reconstructionPlateId 514
> geometryImportTime TimeInstant <timePosition>0</timePosition>
> conjugatePlateId 0
> leftPlate 0
> rightPlate 0
> spreadingAsymmetry 0
  79.121000      -55.862799
  79.305201      -55.923700
  79.389799      -55.952200
  79.476702      -55.992199
  79.605803      -56.057299
  79.690302      -56.105600
  79.754999      -56.167799
  79.783701      -56.228600
  79.859400      -56.266899
  80.016600      -56.332600
  80.181902      -56.377899
  80.282801      -56.408400
  80.434301      -56.459299
  80.519201      -56.502499
  80.574301      -56.543100
  80.638502      -56.594400
  80.656900      -56.655100
  80.709700      -56.685400
  80.689001      -56.722700
  80.726900      -56.783800
  80.768202      -56.826599
  80.850801      -56.878199
  80.957502      -56.947800
  80.983900      -56.960400
  81.079203      -56.998600
  81.189302      -57.033699
  81.290300      -57.081800
  81.406202      -57.167299
  81.463602      -57.206600
  81.534700      -57.230799
  81.613901      -57.260099
  81.683901      -57.278099
  81.786001      -57.304800
  81.844500      -57.323399
  81.889299      -57.334600
  81.993700      -57.356899
  82.063700      -57.381100
  82.107302      -57.420099
  82.162401      -57.455999
  82.234602      -57.469599
  82.301203      -57.481400
  82.323000      -57.491299
  82.329901      -57.493099
  82.351702      -57.499899
  82.459501      -57.531399
  82.561701      -57.572699
  82.629400      -57.599300
  82.718901      -57.628799
  82.791201      -57.658300
  82.902502      -57.717899
  82.987402      -57.762100
  83.126200      -57.829500
  83.261602      -57.901699
  83.385500      -57.953600
  83.519800      -58.001699
  83.585199      -58.037100
  83.674700      -58.077200
  83.694201      -58.099100
  83.761900      -58.126999
  83.816999      -58.160999
  83.846800      -58.199799
  83.856001      -58.236099
  83.852602      -58.275999
  83.883501      -58.334600
  83.930601      -58.378599
  83.990202      -58.426800
  84.048800      -58.470699
  84.080900      -58.494799
  84.119902      -58.534399
  84.158899      -58.590799
  84.197901      -58.648800
  84.216299      -58.680500
  84.267900      -58.755100
  84.301203      -58.807600
  84.315001      -58.835499
  84.382700      -58.889000
  84.405600      -58.896799
  84.459501      -58.934700
  84.487101      -58.950699
  84.489401      -58.951899
  84.549101      -58.996399
  84.625902      -59.038399
  84.668402      -59.064999
  84.732599      -59.108099
  84.823301      -59.177099
  84.883001      -59.210600
  84.901300      -59.232399
  84.919703      -59.275900
  84.942602      -59.325800
  84.941500      -59.348600
  84.934603      -59.390800
  84.930002      -59.420099
  84.922003      -59.455700
  84.923101      -59.489000
  84.933401      -59.521700
  84.980501      -59.561300
  85.006903      -59.585199
  85.062002      -59.621199
  85.090700      -59.660099
  85.129702      -59.700800
  85.182402      -59.743599
  85.213400      -59.779499
  85.224901      -59.791100
  85.240999      -59.802700
  85.266199      -59.824099
  85.344202      -59.879499
  85.362600      -59.893900
  85.406202      -59.932499
  85.441801      -59.977999
  85.456701      -60.002699
  85.487700      -60.045200
  85.518602      -60.096800
  85.542700      -60.118000
  85.593203      -60.180899
  85.599001      -60.235199
  85.569101      -60.270500
  85.589800      -60.314400
  85.611601      -60.359299
  85.605902      -60.393999
  85.582899      -60.426300
  85.582899      -60.440500
  85.577200      -60.457500
  85.534700      -60.490400
  85.488802      -60.522600
  85.456701      -60.553699
  85.327002      -60.610699
  85.190500      -60.626499
  85.125101      -60.632700
  85.084902      -60.637199
  85.020700      -60.637199
  84.892099      -60.638899
  84.795801      -60.642900
  84.743002      -60.669300
  84.728102      -60.695200
  84.740702      -60.716600
  84.767099      -60.741299
  84.791201      -60.779499
  84.838202      -60.826599
  84.879499      -60.862999
  84.954100      -60.892099
  85.003401      -60.909899
  85.113600      -60.942900
  85.179003      -60.968599
  85.268499      -60.997599
  85.394701      -61.038200
  85.486502      -61.058199
  85.527800      -61.070999
  85.569101      -61.074400
  85.660902      -61.078800
  85.704500      -61.082699
  85.745802      -61.084900
  85.809000      -61.097099
  85.865202      -61.121000
  85.875502      -61.137699
  85.881201      -61.178699
  85.881201      -61.192499
  85.905302      -61.226900
  85.946600      -61.270500
  85.960402      -61.290400
  85.979902      -61.296999
  85.992502      -61.301399
  86.032701      -61.316299
  86.054502      -61.322399
  86.088900      -61.336199
  86.136000      -61.354399
  86.186502      -61.363199
  86.251902      -61.405600
  86.295500      -61.428099
  86.317301      -61.453400
  86.334501      -61.493999
  86.308100      -61.523600
  86.250700      -61.548800
  86.150900      -61.569099
  86.068300      -61.583300
  85.962702      -61.589800
  85.819300      -61.580000
  85.769899      -61.573399
  85.718302      -61.568499
  85.600100      -61.570200
  85.465902      -61.570700
  85.313299      -61.566299
  85.232901      -61.563000
  85.156099      -61.565199
  85.119303      -61.565199
  85.074602      -61.571800
  85.075701      -61.583300
  85.091803      -61.594799
  85.096399      -61.595900
  85.114702      -61.615000
  85.148001      -61.650999
  85.149202      -61.664700
  85.140001      -61.696800
  85.097502      -61.702299
  85.044802      -61.688700
  84.997702      -61.674500
  84.964399      -61.665800
  84.948400      -61.664099
  84.896700      -61.653200
  84.832502      -61.623699
  84.796900      -61.610100
  84.772802      -61.617699
  84.763601      -61.640699
  84.765902      -61.667400
  84.774000      -61.683199
  84.769400      -61.696800
  84.767099      -61.718100
  84.745302      -61.739300
  84.705099      -61.768700
  84.656900      -61.787699
  84.624800      -61.814299
  84.606401      -61.843100
  84.646601      -61.838200
  84.664900      -61.856100
  84.701700      -61.886999
  84.716600      -61.921600
  84.740702      -61.960499
  84.794600      -62.009100
  84.873800      -62.063000
  84.980501      -62.130699
  85.066603      -62.175299
  85.070002      -62.182800
  85.098700      -62.209099
  85.127401      -62.239100
  85.151503      -62.282900
  85.222601      -62.381599
  85.273100      -62.423100
  85.330500      -62.480000
  85.410803      -62.525099
  85.467001      -62.541500
  85.541601      -62.556900
  85.631102      -62.579700
  85.733202      -62.607700
  85.834200      -62.635199
  85.913401      -62.652599
  85.973001      -62.659500
  85.991400      -62.660500
  86.071699      -62.663700
  86.153200      -62.665800
  86.275999      -62.660500
  86.292002      -62.676399
  86.266802      -62.686899
  86.240400      -62.703800
  86.167002      -62.721699
  86.149702      -62.739599
  86.200201      -62.760099
  86.263300      -62.790600
  86.289701      -62.804800
  86.282801      -62.818899
  86.215101      -62.846800
  86.155500      -62.857199
  86.100401      -62.863499
  86.057901      -62.864599
  85.996000      -62.860399
  85.932901      -62.851500
  85.848001      -62.834200
  85.788301      -62.824699
  85.716002      -62.818399
  85.628801      -62.836800
  85.587500      -62.854599
  85.543901      -62.882399
  85.484201      -62.918999
  85.416502      -62.954100
  85.363703      -62.980700
  85.316702      -62.995300
  85.263903      -63.015699
  85.183599      -63.059900
  85.119303      -63.116100
  85.066603      -63.145700
  85.006903      -63.179899
  84.940302      -63.237400
  84.887602      -63.273600
  84.815302      -63.312899
  84.731501      -63.360800
  84.661501      -63.385599
  84.605303      -63.411800
  84.528402      -63.452400
  84.435499      -63.484699
  84.390699      -63.498600
  84.222002      -63.559500
  84.106100      -63.621399
  84.046499      -63.660099
  83.959299      -63.710100
  83.865202      -63.768499
  83.786001      -63.799999
  83.702200      -63.812700
  83.562201      -63.817699
  83.501402      -63.822800
  83.414202      -63.825300
  83.371801      -63.829399
  83.297201      -63.827900
  83.210001      -63.821299
  83.137701      -63.823799
  83.051600      -63.824799
  82.905901      -63.822800
  82.845102      -63.824299
  82.787703      -63.827900
  82.725801      -63.822300
  82.667200      -63.816700
  82.590403      -63.809599
  82.559401      -63.806599
  82.466402      -63.799500
  82.383802      -63.792400
  82.324202      -63.783699
  82.215101      -63.758400
  82.142900      -63.741600
  82.011999      -63.683100
  81.958101      -63.659599
  81.920202      -63.643799
  81.796301      -63.614700
  81.686201      -63.577400
  81.574900      -63.549799
  81.444101      -63.518600
  81.378702      -63.508799
  81.314402      -63.490400
  81.237501      -63.458599
  81.185900      -63.441599
  81.141100      -63.430799
  81.009199      -63.412800
  80.907103      -63.396400
  80.829000      -63.391699
  80.749903      -63.394800
  80.682199      -63.410200
  80.653502      -63.432400
  80.628202      -63.470400
  80.619001      -63.503700
  80.612200      -63.535000
  80.603003      -63.563099
  80.615602      -63.578899
  80.569700      -63.617800
  80.519201      -63.618299
  80.449202      -63.597900
  80.398703      -63.570799
  80.362001      -63.540100
  80.344801      -63.509800
  80.329901      -63.476000
  80.324202      -63.440100
  80.325300      -63.422100
  80.321901      -63.386099
  80.310400      -63.346399
  80.273703      -63.302599
  80.248400      -63.272600
  80.214003      -63.243599
  80.199102      -63.218300
  80.127901      -63.159700
  80.070601      -63.112000
  79.992502      -63.071899
  79.889299      -63.021900
  79.784903      -62.991699
  79.726301      -62.969200
  79.709101      -62.967100
  79.644899      -62.945200
  79.565702      -62.918999
  79.448702      -62.885000
  79.313200      -62.851000
  79.191603      -62.823200
  79.073400      -62.793800
  79.056200      -62.789000
  79.057402      -62.789000
  79.004602      -62.782700
  78.917402      -62.765900
  78.838202      -62.739100
  78.798002      -62.725399
  78.768202      -62.712200
  78.714300      -62.692699
  78.660402      -62.656300
  78.654600      -62.642599
  78.658102      -62.619900
  78.668402      -62.594500
  78.678701      -62.567999
  78.691301      -62.539400
  78.698202      -62.525700
  78.698202      -62.509199
  78.663801      -62.465200
  78.652300      -62.435900
  78.642000      -62.398100
  78.609900      -62.351799
  78.569700      -62.302700
  78.542200      -62.269600
  78.515802      -62.240099
  78.488199      -62.211199
  78.446901      -62.176899
  78.428602      -62.157600
  78.372301      -62.132900
  78.288603      -62.094200
  78.243799      -62.087700
  78.171499      -62.066200
  78.115301      -62.052200
  78.038401      -62.043100
  77.957003      -62.027399
  77.844500      -62.012299
  77.737803      -61.999899
  77.640303      -61.983700
  77.555403      -61.964300
  77.442900      -61.947500
  77.358000      -61.935699
  77.297201      -61.925900
  77.230600      -61.902100
  77.210001      -61.892399
  77.190500      -61.882099
  77.180101      -61.878300
  77.128500      -61.839800
  77.108999      -61.816999
  77.105600      -61.789299
  77.099802      -61.740400
  77.105600      -61.702299
  77.101000      -61.685400
  77.096399      -61.658100
  77.091803      -61.641800
  77.087202      -61.614399
  77.068800      -61.578899
  77.060801      -61.555899
  77.052801      -61.529600
  77.042402      -61.502199
  77.028700      -61.451199
  77.021799      -61.399500
  77.002302      -61.352699
  76.989702      -61.323000
  76.977102      -61.291000
  76.955202      -61.257299
  76.928900      -61.221899
  76.915102      -61.198599
  76.902502      -61.187000
  76.865702      -61.158699
  76.810701      -61.134300
  76.770502      -61.124899
  76.737200      -61.117100
  76.689001      -61.115999
  76.613302      -61.123800
  76.534101      -61.138199
  76.462999      -61.150999
  76.388399      -61.164799
  76.297800      -61.182600
  76.210600      -61.204700
  76.132502      -61.226299
  76.061399      -61.241800
  75.976500      -61.251699
  75.934000      -61.256199
  75.893900      -61.262800
  75.771101      -61.277700
  75.658602      -61.282099
  75.619600      -61.282099
  75.538099      -61.277700
  75.487700      -61.275499
  75.375200      -61.263300
  75.319002      -61.256199
  75.258200      -61.246199
  75.180101      -61.243399
  75.099802      -61.247900
  75.058500      -61.249500
  74.956400      -61.240700
  74.869200      -61.228500
  74.784300      -61.221300
  74.661501      -61.204199
  74.596102      -61.192499
  74.534101      -61.187599
  74.490499      -61.172100
  74.429701      -61.150999
  74.297800      -61.122099
  74.224302      -61.114399
  74.158899      -61.112700
  74.079702      -61.117100
  74.027002      -61.124899
  73.945501      -61.132700
  73.868601      -61.144300
  73.813501      -61.152599
  73.748102      -61.159300
  73.710302      -61.160400
  73.639101      -61.163700
  73.510599      -61.165400
  73.455500      -61.153200
  73.392401      -61.145399
  73.344202      -61.143799
  73.291502      -61.131599
  73.216902      -61.110500
  73.135401      -61.069899
  73.056200      -61.024300
  72.981600      -60.970800
  72.926600      -60.933399
  72.873800      -60.874199
  72.794600      -60.806999
  72.747602      -60.767700
  72.729200      -60.741899
  72.697100      -60.708700
  72.663801      -60.669300
  72.631701      -60.632099
  72.589201      -60.600599
  72.551302      -60.566700
  72.522699      -60.540699
  72.489401      -60.502199
  72.450399      -60.463699
  72.420500      -60.435400
  72.379202      -60.394499
  72.321901      -60.327499
  72.248400      -60.276199
  72.215101      -60.224899
  72.214003      -60.219700
  72.194502      -60.205999
  72.155500      -60.164900
  72.115301      -60.111099
  72.095800      -60.081900
  72.070601      -60.061199
  72.052202      -60.025700
  71.997103      -59.949200
  71.991400      -59.901400
  71.992502      -59.851200
  72.010900      -59.809000
  72.038401      -59.769100
  72.084299      -59.730900
  72.136000      -59.700199
  72.209402      -59.683399
  72.266802      -59.670000
  72.328699      -59.653200
  72.409101      -59.632299
  72.461802      -59.611900
  72.502001      -59.588600
  72.554800      -59.565399
  72.605303      -59.537399
  72.651201      -59.497200
  72.686701      -59.464500
  72.694799      -59.452799
  72.709700      -59.419500
  72.729200      -59.382000
  72.737200      -59.361500
  72.751001      -59.342800
  72.786600      -59.302299
  72.811800      -59.274099
  72.833601      -59.247700
  72.861200      -59.210600
  72.884100      -59.182400
  72.899000      -59.161800
  72.927702      -59.131100
  72.948400      -59.103399
  72.978201      -59.070299
  73.002302      -59.040800
  73.033300      -58.996399
  73.047003      -58.979200
  73.067701      -58.944199
  73.079203      -58.917500
  73.088301      -58.898500
  73.092901      -58.887800
  73.114702      -58.862299
  73.140001      -58.820700
  73.157202      -58.799799
  73.162901      -58.792700
  73.181299      -58.770000
  73.213400      -58.728300
  73.240999      -58.698999
  73.259302      -58.660200
  73.298300      -58.614100
  73.318003      -58.596899
  73.337500      -58.564499
  73.351301      -58.529699
  73.378901      -58.497900
  73.397200      -58.467199
  73.420202      -58.434700
  73.439699      -58.400400
  73.461500      -58.362400
  73.479902      -58.324400
  73.485601      -58.314100
  73.505201      -58.283899
  73.514402      -58.252399
  73.530401      -58.208200
  73.533899      -58.182100
  73.533899      -58.144499
  73.517801      -58.123299
  73.486799      -58.126900
  73.437403      -58.142099
  73.392702      -58.171200
  73.358202      -58.192400
  73.303102      -58.219099
  73.257200      -58.251200
  73.197500      -58.269400
  73.147001      -58.290499
  73.145800      -58.292299
  73.127401      -58.301399
  73.097601      -58.324400
  73.056299      -58.350899
  73.012602      -58.373299
  72.848402      -58.363600
  72.841600      -58.334600
  72.846201      -58.291700
  72.850702      -58.254799
  72.863401      -58.239100
  72.874903      -58.233700
  72.893301      -58.211899
  72.907103      -58.187700
  72.924299      -58.179199
  72.956400      -58.159199
  72.994303      -58.136099
  73.037901      -58.118500
  73.060801      -58.097799
  73.087202      -58.078400
  73.097502      -58.071100
  73.127401      -58.055899
  73.188200      -58.031599
  73.251303      -58.002300
  73.262800      -57.998699
  73.304102      -57.979200
  73.354601      -57.958500
  73.397001      -57.944399
  73.409601      -57.926699
  73.425699      -57.913300
  73.438299      -57.898600
  73.467001      -57.883299
  73.475000      -57.874800
  73.486502      -57.865599
  73.531301      -57.842400
  73.557699      -57.826500
  73.581800      -57.817299
  73.587500      -57.799500
  73.592100      -57.790300
  73.590902      -57.782400
  73.590902      -57.773199
  73.581800      -57.755400
  73.580603      -57.737600
  73.581800      -57.735100
  73.641401      -57.717300
  73.709101      -57.680500
  73.771101      -57.650299
  73.837603      -57.613400
  73.891600      -57.568399
  74.006300      -57.504200
  74.044203      -57.467199
  74.087801      -57.423199
  74.141703      -57.359999
  74.176100      -57.303600
  74.210600      -57.209700
  74.259901      -57.126699
  74.282801      -57.059299
  74.284002      -57.059299
  74.304602      -57.012400
  74.325300      -56.945999
  74.348303      -56.895100
  74.391901      -56.834799
  74.450399      -56.783800
  74.527300      -56.737200
  74.623602      -56.703100
  74.681002      -56.670300
  74.734900      -56.636099
  74.841700      -56.579199
  74.904802      -56.538599
  74.947203      -56.513300
  74.956400      -56.508200
  75.048201      -56.452900
  75.097502      -56.410999
  75.157202      -56.367100
  75.203100      -56.323700
  75.250101      -56.277800
  75.281099      -56.229900
  75.327002      -56.170399
  75.370600      -56.106300
  75.382101      -56.057600
  75.383200      -56.008699
  75.381002      -55.958500
  75.424902      -55.943300
  75.458200      -55.934999
  75.501902      -55.926699
  75.563803      -55.916500
  75.661402      -55.897400
  75.831202      -55.861000
  75.901201      -55.847599
  75.985003      -55.835499
  76.145601      -55.820299
  76.294600      -55.817400
  76.445902      -55.819000
  76.559202      -55.838499
  76.585600      -55.839199
  76.712801      -55.848499
  76.823900      -55.852600
  76.943102      -55.857300
  77.039400      -55.862700
  77.266302      -55.869600
  77.481802      -55.866800
  77.520800      -55.864300
  77.703199      -55.846600
  77.801802      -55.840300
  77.935900      -55.836700
  77.997801      -55.834200
  78.098803      -55.815699
  78.269701      -55.796700
  78.421103      -55.792400
  78.612501      -55.792200
  78.778601      -55.800900
  78.802702      -55.805500
  78.979101      -55.830299
  79.121000      -55.862799
>