>anchorPlateId 0
>reconstructionTime 0
>WestPacificLIP.gpml Tutamounts_seamounts.gpml CoralSeaLIP.gpml PacificSeaMounts_b.gpml PacificSeaMounts_a.gpml PacificSeaMounts_c.gpml CanningBasin.gpml Kerguelen_plateau.gpml NorthAtlanticLIP.gpml
>Global_EB_250-0Ma_GK07_Matthews++.rot Global_EB_410-250Ma_GK07_Matthews++.rot Global_EB_410-250Ma_GK07_Matthews++.rot Global_EB_250-0Ma_GK07_Matthews++.rot
>UnclassifiedFeature <identity>GPlates-ea1b6eec-ef5b-4d95-9fa0-60464a8fc54b</identity> <revision>GPlates-77c65664-5868-4846-b38e-63b20d30acf6</revision>
> reconstructionPlateId 901
> validTime TimePeriod <begin> TimeInstant <timePosition>0</timePosition></begin> <end> TimeInstant <timePosition>0</timePosition></end>
> name 
> description 
> conjugatePlateId 0
> spreadingAsymmetry 0
> leftPlate 0
> rightPlate 0
> geometryImportTime TimeInstant <timePosition>0</timePosition>
> shapefileAttributes KeyValueDictionary ( contour,  332565) ( PLATEID1,  901) ( FROMAGE,  0) ( TOAGE,  0) ( NAME,  ) ( DESCR,  ) ( PLATEID2,  0) ( GPGIM_TYPE,  gpml:UnclassifiedFeature) ( FEATURE_ID,  GPlates-3fb3dc7d-2b73-46bc-9f7f-e815c7c92ba4) ( RECON_METH,  ) ( L_PLATE,  0) ( R_PLATE,  0) ( SPREAD_ASY,  0) ( IMPORT_AGE,  0) ( TYPE,  )
  -148.794740      -14.288558
  -148.772999      -14.300200
  -148.720499      -14.418200
  -148.665699      -14.489399
  -148.531000      -14.567200
  -148.478500      -14.502699
  -148.430500      -14.358099
  -148.391699      -14.224499
  -148.364300      -14.099800
  -148.259300      -14.070799
  -148.069899      -14.106499
  -147.994499      -14.188900
  -147.935200      -14.240099
  -147.843899      -14.302500
  -147.763899      -14.300200
  -147.702299      -14.313599
  -147.588200      -14.384800
  -147.471699      -14.411499
  -147.391800      -14.371500
  -147.312000      -14.306900
  -147.206900      -14.242399
  -147.126999      -14.164400
  -147.056299      -14.090900
  -146.926100      -14.099800
  -146.889599      -14.177799
  -146.841700      -14.273500
  -146.800600      -14.380400
  -146.732100      -14.413700
  -146.631699      -14.398199
  -146.499300      -14.335899
  -146.430799      -14.291300
  -146.341700      -14.271299
  -146.213900      -14.273500
  -146.092899      -14.262400
  -145.878300      -14.257900
  -145.734499      -14.242399
  -145.599800      -14.280199
  -145.497099      -14.275799
  -145.339600      -14.275799
  -145.179800      -14.215599
  -145.049700      -14.166599
  -144.921799      -14.182199
  -144.755199      -14.191099
  -144.611300      -14.164400
  -144.508600      -14.148800
  -144.392200      -14.146599
  -144.330599      -14.197800
  -144.300900      -14.333599
  -144.289499      -14.418200
  -144.246099      -14.489399
  -144.232399      -14.600599
  -144.227800      -14.651699
  -144.239199      -14.731699
  -144.207300      -14.725000
  -144.161600      -14.656099
  -144.067999      -14.576099
  -143.997299      -14.573900
  -143.949299      -14.629499
  -143.894499      -14.722799
  -143.862600      -14.820599
  -143.812300      -15.002600
  -143.835199      -15.104599
  -143.919600      -15.140099
  -144.029200      -15.149000
  -144.157099      -15.129000
  -144.250700      -15.075800
  -144.330599      -15.015900
  -144.410500      -15.015900
  -144.574799      -15.075800
  -144.730099      -15.113499
  -144.796200      -15.131199
  -144.914999      -15.095800
  -144.953800      -15.117899
  -145.001699      -15.211100
  -144.958300      -15.297499
  -144.866999      -15.290800
  -144.798500      -15.339600
  -144.778000      -15.439299
  -144.704899      -15.487999
  -144.597700      -15.536699
  -144.526899      -15.614100
  -144.467499      -15.731300
  -144.421900      -15.771099
  -144.122799      -15.802099
  -143.994999      -15.877199
  -143.903700      -15.925800
  -143.693600      -15.914799
  -143.613699      -15.921400
  -143.442499      -15.879400
  -143.328400      -15.841900
  -143.241600      -15.771099
  -143.068100      -15.731300
  -142.995100      -15.746799
  -142.833000      -15.731300
  -142.725700      -15.766699
  -142.641300      -15.762299
  -142.584200      -15.684900
  -142.529400      -15.591999
  -142.465500      -15.547699
  -142.369600      -15.465799
  -142.294300      -15.430399
  -142.241800      -15.355099
  -142.248600      -15.288599
  -142.273699      -15.233200
  -142.280600      -15.091299
  -142.250900      -14.995899
  -142.180099      -14.935999
  -142.070499      -14.918200
  -141.947300      -14.893799
  -141.844500      -14.844999
  -141.657299      -14.787199
  -141.508999      -14.711700
  -141.424500      -14.682800
  -141.296700      -14.649500
  -141.219000      -14.629499
  -141.123199      -14.622799
  -141.029600      -14.684999
  -140.999899      -14.725000
  -140.929100      -14.782799
  -140.851500      -14.811699
  -140.769300      -14.807199
  -140.744200      -14.813900
  -140.767000      -14.820599
  -140.604900      -14.800600
  -140.369799      -14.827200
  -140.194000      -14.862700
  -140.036499      -14.818300
  -140.015999      -14.927099
  -139.945200      -14.964899
  -139.815100      -14.991499
  -139.666700      -15.155600
  -139.532000      -15.344000
  -139.356199      -15.532200
  -139.235199      -15.704800
  -139.187300      -15.917000
  -139.180500      -16.087000
  -139.168999      -16.289999
  -139.009199      -16.364899
  -138.833500      -16.358299
  -138.641699      -16.345100
  -138.461399      -16.395800
  -138.308399      -16.534599
  -138.242199      -16.728199
  -138.143999      -16.897499
  -137.986500      -17.141300
  -137.849600      -17.334400
  -137.774200      -17.441799
  -137.666899      -17.472500
  -137.653200      -17.549099
  -137.689800      -17.614799
  -137.664600      -17.739599
  -137.573299      -17.678299
  -137.452299      -17.663000
  -137.331400      -17.682699
  -137.192099      -17.783300
  -137.025499      -17.912300
  -136.977499      -17.864199
  -136.826799      -17.879499
  -136.698999      -17.927599
  -136.502699      -18.054300
  -136.292700      -18.235500
  -136.212799      -18.196199
  -136.160200      -18.143799
  -136.057499      -18.235500
  -135.922800      -18.423000
  -135.749300      -18.566700
  -135.591799      -18.621099
  -135.431999      -18.640699
  -135.135300      -18.679899
  -134.925200      -18.721199
  -134.710600      -18.701599
  -134.423000      -18.729900
  -134.103399      -18.808199
  -133.909399      -19.012400
  -133.834000      -19.227299
  -133.870600      -19.337799
  -134.087400      -19.298800
  -134.336300      -19.288000
  -134.496099      -19.316200
  -134.781399      -19.331299
  -135.005100      -19.275000
  -135.315599      -19.166500
  -135.466299      -19.105799
  -135.632900      -19.016800
  -135.886299      -18.960300
  -136.125999      -18.895199
  -136.390800      -18.875599
  -136.598600      -18.829899
  -136.774300      -18.779900
  -136.922699      -18.701599
  -137.157900      -18.544899
  -137.324499      -18.383699
  -137.504900      -18.250700
  -137.685200      -18.104500
  -137.890699      -18.058699
  -138.048199      -18.028099
  -138.201099      -18.010599
  -138.303799      -18.030300
  -138.490999      -18.117599
  -138.660000      -18.067400
  -138.865400      -18.021500
  -139.070900      -17.973499
  -139.178200      -17.918900
  -139.310600      -17.807400
  -139.363100      -17.700199
  -139.347099      -17.540400
  -139.296900      -17.446199
  -139.219299      -17.389200
  -139.349400      -17.382599
  -139.459000      -17.356300
  -139.561699      -17.299299
  -139.659899      -17.319000
  -139.842499      -17.288300
  -139.983999      -17.248899
  -140.118700      -17.198399
  -140.312700      -17.099600
  -140.401800      -16.932699
  -140.442900      -16.800800
  -140.527300      -16.728199
  -140.604900      -16.752399
  -140.719099      -16.776600
  -140.897200      -16.767799
  -140.942799      -16.743599
  -140.920000      -16.699600
  -140.874300      -16.651199
  -140.910900      -16.571999
  -141.041000      -16.578600
  -141.171099      -16.580799
  -141.321800      -16.556599
  -141.449600      -16.525700
  -141.577400      -16.534599
  -141.639099      -16.651199
  -141.618500      -16.833799
  -141.552299      -16.985399
  -141.488400      -17.141300
  -141.390299      -17.240099
  -141.360600      -17.294899
  -141.335499      -17.406700
  -141.324099      -17.518499
  -141.278400      -17.570999
  -141.337700      -17.579800
  -141.461000      -17.507500
  -141.559200      -17.472500
  -141.540899      -17.553499
  -141.470200      -17.628000
  -141.424500      -17.754900
  -141.497499      -17.765800
  -141.602600      -17.739599
  -141.682400      -17.702400
  -141.671000      -17.770199
  -141.614000      -17.842400
  -141.518099      -17.931999
  -141.682400      -17.896999
  -141.810299      -17.853300
  -141.887899      -17.763599
  -141.983799      -17.798599
  -142.049999      -17.886099
  -141.983799      -17.936300
  -141.933599      -18.039000
  -141.908400      -18.161299
  -141.796600      -18.231100
  -141.901600      -18.250700
  -141.983799      -18.255100
  -141.963200      -18.383699
  -141.908400      -18.499199
  -141.835400      -18.647200
  -141.700699      -18.775600
  -141.527199      -18.899500
  -141.372000      -18.988600
  -141.189400      -19.162199
  -141.059200      -19.346500
  -141.027300      -19.467800
  -141.059200      -19.563000
  -141.159700      -19.524099
  -141.244099      -19.428799
  -141.303499      -19.350800
  -141.367399      -19.222900
  -141.451899      -19.138300
  -141.563799      -19.103600
  -141.671000      -19.051500
  -141.753199      -18.964699
  -141.842300      -18.884300
  -141.954100      -18.766899
  -142.145899      -18.690800
  -142.225800      -18.625500
  -142.257700      -18.534100
  -142.230299      -18.344500
  -142.260000      -18.220200
  -142.328499      -18.126299
  -142.433500      -18.069599
  -142.520300      -17.980000
  -142.508900      -17.886099
  -142.506599      -17.813900
  -142.629799      -17.792099
  -142.766800      -17.761400
  -142.865000      -17.704599
  -142.963100      -17.695799
  -143.077299      -17.656399
  -143.193699      -17.538200
  -143.289600      -17.430799
  -143.323799      -17.476900
  -143.394600      -17.621399
  -143.522400      -17.621399
  -143.625200      -17.496599
  -143.645700      -17.419899
  -143.837500      -17.400200
  -143.912800      -17.332199
  -143.992699      -17.174299
  -144.072599      -17.187399
  -144.230099      -17.290499
  -144.380800      -17.248899
  -144.510899      -17.132599
  -144.636499      -17.108400
  -144.780300      -17.115000
  -144.976599      -17.060099
  -145.086199      -17.027199
  -145.227699      -17.035999
  -145.360100      -17.093000
  -145.510799      -17.040300
  -145.599800      -16.972200
  -145.586100      -17.055700
  -145.492500      -17.141300
  -145.344099      -17.123800
  -145.312199      -17.288300
  -145.275700      -17.360699
  -145.202599      -17.527199
  -145.120399      -17.645500
  -144.985699      -17.776699
  -144.816799      -17.868599
  -144.673000      -17.942900
  -144.622799      -18.041199
  -144.545099      -18.150400
  -144.444700      -18.244200
  -144.405899      -18.320499
  -144.328300      -18.462200
  -144.255199      -18.542799
  -144.227800      -18.640699
  -144.031500      -18.795200
  -143.940199      -19.008099
  -143.892200      -19.179600
  -143.967600      -19.149200
  -144.008699      -19.064499
  -144.024700      -18.966799
  -144.090900      -18.862499
  -144.202700      -18.755999
  -144.332800      -18.594999
  -144.474400      -18.446899
  -144.593100      -18.300900
  -144.716400      -18.198399
  -144.830500      -18.091400
  -144.933199      -18.036800
  -145.061100      -17.929800
  -145.220900      -17.820499
  -145.344099      -17.719900
  -145.490200      -17.647699
  -145.602100      -17.555700
  -145.743599      -17.474699
  -145.878300      -17.347500
  -145.944500      -17.279600
  -146.038099      -17.216000
  -146.092899      -17.147900
  -146.163700      -17.016199
  -146.277800      -16.996399
  -146.355400      -16.921700
  -146.487799      -16.747999
  -146.560900      -16.688599
  -146.706999      -16.629200
  -146.839399      -16.552200
  -146.948999      -16.459700
  -147.015200      -16.375900
  -147.117899      -16.345100
  -147.261700      -16.318600
  -147.314199      -16.307600
  -147.453499      -16.263500
  -147.521999      -16.223799
  -147.581299      -16.168699
  -147.585899      -15.996500
  -147.604200      -15.886099
  -147.674900      -15.806499
  -147.752499      -15.742399
  -147.839300      -15.691500
  -147.894100      -15.527800
  -147.971699      -15.494600
  -148.117800      -15.501200
  -148.261599      -15.494600
  -148.478500      -15.454800
  -148.594900      -15.414900
  -148.663399      -15.315199
  -148.770700      -15.135700
  -148.848299      -15.066900
  -148.964699      -15.053600
  -148.988989      -15.041274
  -149.411399      -14.896734
  -149.669017      -14.614959
  -149.911488      -14.614959
  -150.009480      -14.463291
  -150.081156      -14.311663
  -150.323441      -14.376642
  -150.467903      -14.073469
  -150.217637      -13.986876
  -150.139629      -13.792089
  -150.489079      -13.792089
  -150.385230      -13.597363
  -150.503296      -13.208095
  -150.397498      -12.927104
  -150.027382      -13.013550
  -149.821873      -13.251335
  -149.742005      -13.532468
  -149.533931      -13.618996
  -149.217143      -13.770450
  -149.070751      -13.943585
  -148.898938      -14.051819
  -148.794740      -14.288558
>