9388  153 3500 METERS WALVIS RIDGE, SOUTH ATLANTIC                              
 701   70.0 -999.0 BA3500 701   3   217
 -29.9980    1.5173 3
 -30.0000    1.5173 2
 -29.9800    1.5288 2
 -29.9541    1.5540 2
 -29.9381    1.5884 2
 -29.9441    1.6250 2
 -29.9800    1.6594 2
 -30.0738    1.7052 2
 -30.1236    1.7442 2
 -30.1674    1.7809 2
 -30.2172    1.8198 2
 -30.2530    1.8382 2
 -30.2888    1.8565 2
 -30.3107    1.8428 2
 -30.3207    1.8038 2
 -30.3067    1.7396 2
 -30.2988    1.6755 2
 -30.3087    1.6273 2
 -30.3644    1.5609 2
 -30.3962    1.5242 2
 -30.4141    1.4921 2
 -30.4081    1.4371 2
 -30.4141    1.4027 2
 -30.4379    1.3958 2
 -30.4975    1.3867 2
 -30.5312    1.3775 2
 -30.6224    1.3294 2
 -30.6958    1.2652 2
 -30.7393    1.2079 2
 -30.7591    1.1368 2
 -30.7651    1.0406 2
 -30.7631    0.9145 2
 -30.7512    0.8160 2
 -30.7611    0.7426 2
 -30.7888    0.6830 2
 -30.8165    0.6326 2
 -30.8343    0.5822 2
 -30.8046    0.5386 2
 -30.7670    0.4836 2
 -30.7433    0.4286 2
 -30.7433    0.3713 2
 -30.7928    0.3071 2
 -30.8640    0.2292 2
 -30.9509    0.1490 2
 -31.0299    0.0665 2
 -31.0714    0.0115 2
 -31.0911   -0.0115 2
 -31.1345   -0.0367 2
 -31.1857   -0.0458 2
 -31.2212   -0.0458 2
 -31.2448   -0.0458 2
 -31.2645   -0.0413 2
 -31.3294   -0.0733 2
 -31.3826   -0.1604 2
 -31.4592   -0.3094 2
 -31.5162   -0.4217 2
 -31.6241   -0.5615 2
 -31.7437   -0.6624 2
 -31.8063   -0.7472 2
 -31.8728   -0.8205 2
 -31.9315   -0.8870 2
 -31.9921   -0.9581 2
 -32.0370   -1.0406 2
 -32.0624   -1.1002 2
 -32.0916   -1.1483 2
 -32.1170   -1.1735 2
 -32.1443   -1.1918 2
 -32.1658   -1.1781 2
 -32.1989   -1.1758 2
 -32.2184   -1.2171 2
 -32.2242   -1.2491 2
 -32.2515   -1.2973 2
 -32.2612   -1.3248 2
 -32.2768   -1.3523 2
 -32.2963   -1.3821 2
 -32.3002   -1.4256 2
 -32.2827   -1.4531 2
 -32.2203   -1.4508 2
 -32.1677   -1.4417 2
 -32.1365   -1.4577 2
 -32.1463   -1.5196 2
 -32.1989   -1.6067 2
 -32.2632   -1.6823 2
 -32.2924   -1.7419 2
 -32.3119   -1.8038 2
 -32.3274   -1.8611 2
 -32.3488   -1.9276 2
 -32.3975   -2.0055 2
 -32.4441   -2.0651 2
 -32.4577   -2.1041 2
 -32.4636   -2.1407 2
 -32.4597   -2.1545 2
 -32.4208   -2.1339 2
 -32.3625   -2.0743 2
 -32.3255   -2.0422 2
 -32.2690   -2.0261 2
 -32.2125   -1.9917 2
 -32.1658   -1.9413 2
 -32.1365   -1.8932 2
 -32.1111   -1.8703 2
 -32.1053   -1.9001 2
 -32.1287   -2.0147 2
 -32.1404   -2.0788 2
 -32.1697   -2.1614 2
 -32.1872   -2.2439 2
 -32.2164   -2.3241 2
 -32.2437   -2.3928 2
 -32.2671   -2.4295 2
 -32.2865   -2.4868 2
 -32.3002   -2.5327 2
 -32.2398   -2.5189 2
 -32.1677   -2.4135 2
 -32.1033   -2.3080 2
 -32.0702   -2.2393 2
 -32.0350   -2.1751 2
 -32.0116   -2.0995 2
 -31.9686   -2.0284 2
 -31.9667   -1.9665 2
 -31.9725   -1.9115 2
 -31.9823   -1.8565 2
 -31.9921   -1.7946 2
 -31.9510   -1.6984 2
 -31.9061   -1.6250 2
 -31.8631   -1.5609 2
 -31.8298   -1.5081 2
 -31.7946   -1.4646 2
 -31.7632   -1.4577 2
 -31.7280   -1.5311 2
 -31.7006   -1.5792 2
 -31.7045   -1.6365 2
 -31.6966   -1.6777 2
 -31.6672   -1.6915 2
 -31.5849   -1.6663 2
 -31.5358   -1.6227 2
 -31.4808   -1.5540 2
 -31.4238   -1.4898 2
 -31.3845   -1.4348 2
 -31.3590   -1.3660 2
 -31.3609   -1.2950 2
 -31.3629   -1.2239 2
 -31.3550   -1.1735 2
 -31.3550   -1.1047 2
 -31.3531   -1.0429 2
 -31.3590   -0.9764 2
 -31.3550   -0.8893 2
 -31.3412   -0.7976 2
 -31.3314   -0.7380 2
 -31.2980   -0.6418 2
 -31.2310   -0.5524 2
 -31.1581   -0.4767 2
 -31.0733   -0.3896 2
 -31.0260   -0.3576 2
 -30.9608   -0.3644 2
 -30.9252   -0.4722 2
 -30.9055   -0.4997 2
 -30.8699   -0.4584 2
 -30.8600   -0.4080 2
 -30.8422   -0.3644 2
 -30.8086   -0.3690 2
 -30.7750   -0.4240 2
 -30.7571   -0.4469 2
 -30.7235   -0.4355 2
 -30.6819   -0.3782 2
 -30.6561   -0.3071 2
 -30.6423   -0.2223 2
 -30.6343   -0.1536 2
 -30.6165   -0.0711 2
 -30.5808   -0.0138 2
 -30.5292    0.0413 2
 -30.4518    0.0756 2
 -30.3445    0.0940 2
 -30.2252    0.0940 2
 -30.1435    0.0917 2
 -30.0598    0.0963 2
 -29.9820    0.1146 2
 -29.9242    0.1536 2
 -29.8702    0.2269 2
 -29.8283    0.2842 2
 -29.7923    0.3507 2
 -29.7543    0.4309 2
 -29.7283    0.5180 2
 -29.7023    0.6097 2
 -29.6863    0.6899 2
 -29.6783    0.7655 2
 -29.6763    0.8343 2
 -29.6803    0.8664 2
 -29.7003    0.8847 2
 -29.7383    0.8939 2
 -29.7643    0.8962 2
 -29.8043    0.9420 2
 -29.8243    0.9993 2
 -29.8443    1.0429 2
 -29.8902    1.1185 2
 -29.9381    1.1689 2
 -29.9701    1.1987 2
 -29.9960    1.2239 2
 -30.0299    1.2583 2
 -30.0459    1.2835 2
 -30.0479    1.3041 2
 -30.0259    1.3317 2
 -29.9960    1.3569 2
 -29.9641    1.3867 2
 -29.9461    1.4119 2
 -29.9321    1.4440 2
 -29.9242    1.4600 2
 -29.9202    1.4806 2
 -29.9282    1.4944 2
 -29.9521    1.5104 2
 -29.9721    1.5150 2
 -29.9900    1.5219 2
 -29.9980    1.5242 2
 -29.9920    1.5356 2
 -29.9701    1.5471 2
 -29.9541    1.5540 2
 -29.9341    1.5700 2
 -29.9262    1.5952 2
 -29.9321    1.6044 2
  99.0000   99.0000 3
9388  153 3500 METERS WALVIS RIDGE, SOUTH ATLANTIC                              
 701   70.0 -999.0 BA3500 701   3   220
 -32.7139   -3.2271 3
 -32.7119   -3.2203 2
 -32.6964   -3.1423 2
 -32.7003   -3.0644 2
 -32.7022   -2.9796 2
 -32.6945   -2.9315 2
 -32.7042   -2.8627 2
 -32.7468   -2.7619 2
 -32.7913   -2.6518 2
 -32.8359   -2.5510 2
 -32.8687   -2.4937 2
 -32.9055   -2.4456 2
 -32.9751   -2.4066 2
 -33.0253   -2.3676 2
 -33.0523   -2.3287 2
 -33.0697   -2.2874 2
 -33.0986   -2.2416 2
 -33.1353   -2.2232 2
 -33.1700   -2.2187 2
 -33.2143   -2.2095 2
 -33.2509   -2.1820 2
 -33.2355   -2.1591 2
 -33.2027   -2.1407 2
 -33.1603   -2.0628 2
 -33.1545   -2.0078 2
 -33.1545   -1.9505 2
 -33.1565   -1.8726 2
 -33.1680   -1.7809 2
 -33.1680   -1.7190 2
 -33.1700   -1.6021 2
 -33.1623   -1.5677 2
 -33.1642   -1.5265 2
 -33.1719   -1.4967 2
 -33.1873   -1.4715 2
 -33.2104   -1.4485 2
 -33.2374   -1.4417 2
 -33.3086   -1.4577 2
 -33.3337   -1.4829 2
 -33.4029   -1.5288 2
 -33.4413   -1.5196 2
 -33.5028   -1.4738 2
 -33.5431   -1.4440 2
 -33.5681   -1.4119 2
 -33.5757   -1.2973 2
 -33.5662   -1.2491 2
 -33.5431   -1.1941 2
 -33.4990   -1.1460 2
 -33.4529   -1.1002 2
 -33.3875   -1.0497 2
 -33.3298   -1.0016 2
 -33.2836   -0.9603 2
 -33.2297   -0.9145 2
 -33.1661   -0.8687 2
 -33.0928   -0.8205 2
 -33.0156   -0.7884 2
 -32.9731   -0.7701 2
 -32.9635   -0.7655 2
 -32.8088   -0.7907 2
 -32.7507   -0.8114 2
 -32.6732   -0.8137 2
 -32.6247   -0.8297 2
 -32.5529   -0.8343 2
 -32.4655   -0.8205 2
 -32.4072   -0.7999 2
 -32.3916   -0.7655 2
 -32.3663   -0.7036 2
 -32.3449   -0.6441 2
 -32.3196   -0.5890 2
 -32.2885   -0.5386 2
 -32.2418   -0.4974 2
 -32.1716   -0.4538 2
 -32.0897   -0.3873 2
 -32.0038   -0.3232 2
 -31.9510   -0.2590 2
 -31.9159   -0.2017 2
 -31.8904   -0.1284 2
 -31.8631   -0.0550 2
 -31.8474   -0.0092 2
 -31.8396    0.0642 2
 -31.8591    0.1604 2
 -31.9002    0.2636 2
 -31.9061    0.3553 2
 -31.9256    0.4149 2
 -31.9764    0.5111 2
 -32.0467    0.6143 2
 -32.0936    0.7059 2
 -32.1072    0.7289 2
 -32.1385    0.7426 2
 -32.1794    0.7564 2
 -32.2242    0.7426 2
 -32.2418    0.7105 2
 -32.2476    0.6601 2
 -32.2612    0.6211 2
 -32.2788    0.5638 2
 -32.2904    0.5088 2
 -32.2963    0.4653 2
 -32.3196    0.4149 2
 -32.3430    0.3828 2
 -32.3936    0.3438 2
 -32.4344    0.3300 2
 -32.5102    0.3346 2
 -32.5645    0.3553 2
 -32.6053    0.3828 2
 -32.6441    0.4149 2
 -32.6770    0.4355 2
 -32.7294    0.4813 2
 -32.7855    0.5363 2
 -32.8107    0.5432 2
 -32.8417    0.5019 2
 -32.8804    0.4309 2
 -32.9055    0.3644 2
 -32.9345    0.2430 2
 -32.9673    0.1559 2
 -32.9886    0.0756 2
 -33.0156    0.0160 2
 -33.0562   -0.0275 2
 -33.1005   -0.0527 2
 -33.1430   -0.0825 2
 -33.1777   -0.1123 2
 -33.2143   -0.1559 2
 -33.2567   -0.2177 2
 -33.2913   -0.2957 2
 -33.3221   -0.3873 2
 -33.3625   -0.4676 2
 -33.4029   -0.5226 2
 -33.4298   -0.5478 2
 -33.4951   -0.5661 2
 -33.5681   -0.5776 2
 -33.6199   -0.5753 2
 -33.6678   -0.5799 2
 -33.7119   -0.5959 2
 -33.7999   -0.6280 2
 -33.8554   -0.6578 2
 -33.8898   -0.6922 2
 -33.9204   -0.7334 2
 -33.9548   -0.7793 2
 -33.9815   -0.8435 2
 -33.9987   -0.9076 2
 -34.0273   -0.9581 2
 -34.0388   -1.0176 2
 -34.0559   -1.0841 2
 -34.0769   -1.1391 2
 -34.0979   -1.1804 2
 -34.1322   -1.1987 2
 -34.1684   -1.1735 2
 -34.1818   -1.1483 2
 -34.1970   -1.1277 2
 -34.2256   -1.1345 2
 -34.2579   -1.1804 2
 -34.2827   -1.2354 2
 -34.3169   -1.2950 2
 -34.3473   -1.3477 2
 -34.3644   -1.3844 2
 -34.3910   -1.4279 2
 -34.4233   -1.4760 2
 -34.4461   -1.5288 2
 -34.4404   -1.5769 2
 -34.4100   -1.6273 2
 -34.3587   -1.6732 2
 -34.3397   -1.7144 2
 -34.3378   -1.7786 2
 -34.3321   -1.8703 2
 -34.3017   -1.9734 2
 -34.2655   -2.0193 2
 -34.2160   -2.0238 2
 -34.1494   -1.9963 2
 -34.1036   -1.9642 2
 -34.0731   -1.9322 2
 -34.0197   -1.8909 2
 -33.9930   -1.8840 2
 -33.9758   -1.9344 2
 -33.9395   -2.0032 2
 -33.8860   -2.0743 2
 -33.8420   -2.1201 2
 -33.7980   -2.1728 2
 -33.7559   -2.2118 2
 -33.7195   -2.2301 2
 -33.6908   -2.2485 2
 -33.6505   -2.2828 2
 -33.6103   -2.2714 2
 -33.6026   -2.2370 2
 -33.5930   -2.2049 2
 -33.5815   -2.1591 2
 -33.5451   -2.1591 2
 -33.5508   -2.2324 2
 -33.5546   -2.2760 2
 -33.5566   -2.3080 2
 -33.5508   -2.3355 2
 -33.5604   -2.3676 2
 -33.5738   -2.3974 2
 -33.5892   -2.4364 2
 -33.5853   -2.4983 2
 -33.5604   -2.5533 2
 -33.5259   -2.5831 2
 -33.5009   -2.6541 2
 -33.4798   -2.7160 2
 -33.4586   -2.7504 2
 -33.4375   -2.7917 2
 -33.4183   -2.8375 2
 -33.3779   -2.8833 2
 -33.3433   -2.8948 2
 -33.3086   -2.9154 2
 -33.2721   -2.9475 2
 -33.2548   -2.9979 2
 -33.2336   -3.0209 2
 -33.2066   -3.0415 2
 -33.1603   -3.0598 2
 -33.1083   -3.0827 2
 -33.0813   -3.0965 2
 -33.0523   -3.1125 2
 -33.0214   -3.1332 2
 -32.9751   -3.1423 2
 -32.9422   -3.1653 2
 -32.8997   -3.1973 2
 -32.8378   -3.2271 2
 -32.7758   -3.2455 2
 -32.7313   -3.2501 2
 -32.7042   -3.2409 2
 -32.6945   -3.2317 2
 -32.6887   -3.2134 2
  99.0000   99.0000 3
