9388  153 3500 METERS WALVIS RIDGE, SOUTH ATLANTIC                              
 701   40.0 -999.0 BA3500 701   3   271
 -33.5009   -2.9590 3
 -33.5047   -2.9613 2
 -33.4913   -2.9658 2
 -33.4702   -2.9842 2
 -33.4509   -3.0644 2
 -33.4394   -3.1538 2
 -33.4337   -3.2753 2
 -33.4279   -3.4174 2
 -33.4260   -3.5641 2
 -33.4394   -3.6695 2
 -33.4625   -3.7428 2
 -33.5259   -3.7841 2
 -33.6122   -3.8299 2
 -33.6850   -3.8849 2
 -33.7425   -3.9124 2
 -33.8057   -3.9445 2
 -33.8650   -3.9995 2
 -33.9261   -4.0729 2
 -33.9471   -4.1416 2
 -33.9892   -4.1898 2
 -34.0292   -4.1669 2
 -34.0464   -4.1233 2
 -34.0483   -4.0477 2
 -34.0540   -3.9766 2
 -34.0655   -3.9445 2
 -34.0807   -3.9193 2
 -34.1036   -3.8872 2
 -34.1322   -3.8826 2
 -34.1684   -3.9262 2
 -34.1894   -3.9904 2
 -34.2198   -4.0660 2
 -34.2465   -4.1256 2
 -34.2922   -4.1898 2
 -34.3283   -4.2287 2
 -34.3929   -4.2746 2
 -34.4404   -4.2906 2
 -34.4917   -4.3090 2
 -34.5372   -4.3296 2
 -34.5581   -4.3548 2
 -34.5657   -4.3961 2
 -34.5751   -4.4396 2
 -34.5770   -4.4671 2
 -34.5695   -4.4809 2
 -34.5410   -4.4900 2
 -34.5012   -4.4969 2
 -34.4651   -4.5198 2
 -34.4347   -4.5450 2
 -34.3834   -4.5748 2
 -34.3454   -4.5863 2
 -34.3264   -4.6046 2
 -34.3226   -4.6734 2
 -34.3226   -4.7284 2
 -34.3321   -4.8063 2
 -34.3321   -4.8636 2
 -34.3112   -4.9255 2
 -34.2808   -4.9599 2
 -34.2332   -4.9782 2
 -34.1970   -4.9943 2
 -34.2103   -5.0562 2
 -34.2484   -5.0859 2
 -34.3188   -5.0951 2
 -34.3644   -5.1066 2
 -34.4366   -5.1318 2
 -34.5163   -5.1685 2
 -34.5789   -5.1914 2
 -34.6282   -5.2235 2
 -34.6850   -5.2647 2
 -34.7172   -5.3289 2
 -34.7532   -5.4229 2
 -34.7967   -5.4802 2
 -34.8307   -5.4733 2
 -34.8552   -5.4298 2
 -34.8760   -5.3954 2
 -34.9308   -5.3862 2
 -34.9629   -5.3587 2
 -34.9912   -5.3037 2
 -34.9912   -5.2510 2
 -34.9912   -5.1960 2
 -34.9798   -5.1341 2
 -34.9723   -5.0653 2
 -34.9798   -4.9989 2
 -34.9836   -4.9186 2
 -34.9893   -4.8820 2
 -34.9949   -4.8613 2
 -35.0157   -4.8384 2
 -35.0440   -4.8109 2
 -35.0477   -4.7697 2
 -35.0609   -4.7490 2
 -35.0835   -4.7399 2
 -35.0854   -4.7811 2
 -35.0722   -4.8338 2
 -35.0590   -4.8888 2
 -35.0421   -4.9438 2
 -35.0383   -4.9874 2
 -35.0459   -5.0309 2
 -35.0704   -5.0882 2
 -35.0854   -5.1570 2
 -35.0911   -5.2028 2
 -35.0892   -5.2487 2
 -35.0741   -5.3197 2
 -35.0817   -5.3747 2
 -35.1061   -5.4000 2
 -35.1513   -5.4343 2
 -35.1796   -5.4550 2
 -35.2134   -5.4939 2
 -35.2416   -5.5398 2
 -35.2717   -5.5833 2
 -35.3037   -5.5971 2
 -35.3337   -5.5948 2
 -35.3619   -5.5971 2
 -35.4013   -5.6131 2
 -35.4069   -5.6406 2
 -35.3976   -5.6727 2
 -35.3750   -5.7071 2
 -35.3488   -5.7323 2
 -35.3394   -5.7438 2
 -35.2924   -5.7804 2
 -35.2736   -5.8125 2
 -35.2886   -5.8629 2
 -35.3093   -5.9042 2
 -35.3412   -5.9340 2
 -35.3713   -5.9684 2
 -35.3619   -6.0028 2
 -35.3262   -6.0394 2
 -35.2849   -6.0921 2
 -35.2492   -6.1449 2
 -35.2360   -6.2090 2
 -35.2379   -6.2709 2
 -35.2586   -6.2984 2
 -35.3018   -6.2938 2
 -35.3262   -6.2732 2
 -35.3412   -6.2388 2
 -35.3657   -6.2090 2
 -35.4201   -6.1792 2
 -35.4501   -6.1540 2
 -35.4838   -6.1288 2
 -35.5270   -6.1082 2
 -35.5457   -6.0669 2
 -35.5607   -6.0280 2
 -35.5738   -5.9936 2
 -35.5925   -5.9638 2
 -35.6356   -5.9157 2
 -35.6711   -5.8652 2
 -35.7104   -5.8079 2
 -35.7178   -5.7781 2
 -35.7328   -5.6956 2
 -35.7384   -5.6406 2
 -35.7459   -5.5673 2
 -35.7533   -5.5214 2
 -35.7627   -5.4962 2
 -35.7795   -5.4504 2
 -35.7926   -5.4045 2
 -35.7870   -5.3564 2
 -35.7720   -5.3358 2
 -35.7235   -5.3472 2
 -35.7029   -5.3472 2
 -35.6636   -5.3541 2
 -35.6094   -5.3931 2
 -35.5494   -5.4275 2
 -35.5120   -5.4389 2
 -35.4782   -5.4275 2
 -35.4651   -5.3954 2
 -35.4557   -5.3633 2
 -35.4389   -5.3358 2
 -35.4163   -5.3083 2
 -35.3901   -5.2579 2
 -35.3750   -5.2235 2
 -35.3882   -5.1983 2
 -35.4389   -5.1662 2
 -35.4764   -5.1455 2
 -35.5007   -5.1432 2
 -35.5307   -5.1455 2
 -35.5719   -5.1524 2
 -35.6037   -5.1570 2
 -35.6131   -5.1432 2
 -35.6318   -5.0928 2
 -35.6468   -5.0539 2
 -35.6618   -5.0218 2
 -35.7029   -4.9782 2
 -35.7646   -4.9255 2
 -35.8243   -4.8728 2
 -35.8635   -4.8407 2
 -35.9101   -4.8201 2
 -35.9530   -4.7994 2
 -35.9810   -4.7834 2
 -36.0219   -4.7421 2
 -36.0461   -4.7307 2
 -36.0703   -4.7032 2
 -36.0480   -4.6734 2
 -36.0014   -4.6276 2
 -35.9772   -4.5932 2
 -35.9474   -4.5634 2
 -35.9437   -4.5221 2
 -35.9381   -4.4832 2
 -35.9213   -4.4327 2
 -35.9139   -4.3983 2
 -35.9064   -4.3686 2
 -35.8840   -4.3525 2
 -35.8299   -4.3479 2
 -35.7982   -4.3915 2
 -35.7683   -4.4373 2
 -35.7384   -4.4832 2
 -35.7048   -4.5152 2
 -35.6580   -4.5267 2
 -35.6112   -4.5175 2
 -35.5157   -4.4648 2
 -35.4820   -4.4465 2
 -35.4688   -4.4213 2
 -35.4707   -4.3915 2
 -35.4782   -4.3686 2
 -35.4707   -4.3388 2
 -35.4407   -4.2952 2
 -35.4107   -4.2975 2
 -35.3544   -4.3067 2
 -35.2924   -4.3021 2
 -35.2435   -4.2562 2
 -35.2266   -4.2150 2
 -35.2003   -4.1577 2
 -35.1664   -4.0889 2
 -35.1363   -4.0316 2
 -35.1043   -3.9904 2
 -35.0402   -3.9102 2
 -35.0213   -3.8941 2
 -34.9987   -3.8804 2
 -34.9723   -3.8666 2
 -34.9327   -3.8712 2
 -34.8760   -3.8689 2
 -34.8023   -3.8574 2
 -34.7588   -3.8368 2
 -34.7361   -3.8070 2
 -34.7021   -3.7933 2
 -34.7172   -3.7543 2
 -34.7323   -3.6901 2
 -34.7456   -3.6282 2
 -34.7456   -3.5664 2
 -34.7305   -3.5022 2
 -34.7096   -3.4563 2
 -34.6850   -3.4242 2
 -34.6377   -3.3876 2
 -34.5600   -3.3486 2
 -34.4575   -3.3051 2
 -34.3796   -3.2844 2
 -34.3378   -3.2936 2
 -34.2808   -3.3028 2
 -34.2465   -3.3394 2
 -34.2275   -3.3578 2
 -34.2160   -3.3624 2
 -34.0979   -3.3326 2
 -34.0731   -3.3142 2
 -34.0330   -3.2913 2
 -33.9911   -3.2592 2
 -33.9567   -3.2271 2
 -33.9261   -3.1767 2
 -33.9185   -3.1423 2
 -33.8994   -3.0965 2
 -33.8688   -3.0507 2
 -33.8516   -3.0025 2
 -33.8305   -2.9613 2
 -33.7961   -2.9292 2
 -33.7368   -2.9200 2
 -33.6755   -2.9040 2
 -33.6582   -2.8856 2
 -33.6237   -2.8352 2
 -33.5949   -2.8192 2
 -33.5489   -2.8077 2
 -33.5239   -2.8146 2
 -33.5201   -2.8673 2
 -33.5028   -2.9292 2
 -33.4932   -2.9636 2
 -33.4702   -2.9819 2
 -33.4471   -2.9956 2
  99.0000   99.0000 3
