9388  153 3500 METERS WALVIS RIDGE, SOUTH ATLANTIC                              
 701   90.0 -999.0 BA3500 701   3   694
 -19.3884    9.6608 3
 -19.4318    9.5943 2
 -19.5166    9.4614 2
 -19.6057    9.2849 2
 -19.6882    9.1428 2
 -19.8032    8.9548 2
 -19.9138    8.7165 2
 -20.0309    8.5262 2
 -20.1586    8.3291 2
 -20.2517    8.1664 2
 -20.3360    8.0289 2
 -20.3987    7.9257 2
 -20.4527    7.8180 2
 -20.5024    7.7172 2
 -20.5542    7.6232 2
 -20.6017    7.5223 2
 -20.6988    7.3688 2
 -20.8346    7.1740 2
 -20.9660    6.9814 2
 -21.0908    6.7935 2
 -21.1790    6.6881 2
 -21.2800    6.5758 2
 -21.3938    6.4634 2
 -21.5461    6.4107 2
 -21.6211    6.4084 2
 -21.6854    6.4084 2
 -21.7154    6.4222 2
 -21.7347    6.4314 2
 -21.7604    6.4314 2
 -21.8139    6.3924 2
 -21.8824    6.3007 2
 -21.9508    6.1838 2
 -21.9893    6.0509 2
 -22.0470    5.8973 2
 -22.0833    5.8011 2
 -22.1004    5.7002 2
 -22.0940    5.5971 2
 -22.0726    5.4871 2
 -22.0619    5.4000 2
 -22.0513    5.3174 2
 -22.0555    5.2441 2
 -22.0705    5.2074 2
 -22.1282    5.1501 2
 -22.2093    5.1020 2
 -22.2754    5.0745 2
 -22.3522    5.0447 2
 -22.4183    5.0241 2
 -22.4929    4.9736 2
 -22.6036    4.8888 2
 -22.6674    4.8247 2
 -22.7482    4.7399 2
 -22.8332    4.6184 2
 -22.8693    4.5909 2
 -22.9479    4.5565 2
 -23.0582    4.4923 2
 -23.1706    4.4809 2
 -23.2236    4.4763 2
 -23.2532    4.4809 2
 -23.3040    4.4969 2
 -23.3400    4.5038 2
 -23.4035    4.5015 2
 -23.4775    4.4786 2
 -23.5071    4.4717 2
 -23.6022    4.4648 2
 -23.6782    4.4763 2
 -23.7436    4.5107 2
 -23.8196    4.5496 2
 -23.8659    4.5886 2
 -23.9081    4.6161 2
 -23.9713    4.6390 2
 -24.0534    4.6642 2
 -24.1376    4.6803 2
 -24.2049    4.7009 2
 -24.3246    4.7307 2
 -24.3855    4.7490 2
 -24.4422    4.7674 2
 -24.5030    4.7972 2
 -24.5680    4.8292 2
 -24.5806    4.8522 2
 -24.6078    4.9072 2
 -24.6120    4.9461 2
 -24.6225    5.0011 2
 -24.6498    5.0584 2
 -24.7189    5.0630 2
 -24.7545    5.0791 2
 -24.8235    5.0424 2
 -24.9009    5.0355 2
 -24.9698    5.0516 2
 -25.0367    5.0905 2
 -25.1097    5.1249 2
 -25.1556    5.1478 2
 -25.1974    5.1570 2
 -25.2411    5.1753 2
 -25.2641    5.1753 2
 -25.3432    5.1616 2
 -25.4286    5.1272 2
 -25.5430    5.0768 2
 -25.6428    4.9897 2
 -25.7383    4.8797 2
 -25.7861    4.7765 2
 -25.8338    4.6436 2
 -25.8587    4.4992 2
 -25.8856    4.4190 2
 -25.9333    4.3525 2
 -26.0058    4.2837 2
 -26.0907    4.2494 2
 -26.1445    4.2219 2
 -26.1942    4.1714 2
 -26.2314    4.1371 2
 -26.2644    4.1164 2
 -26.3347    4.1118 2
 -26.3780    4.1096 2
 -26.4214    4.1118 2
 -26.4688    4.1141 2
 -26.4998    4.1073 2
 -26.5307    4.0866 2
 -26.5451    4.0431 2
 -26.5142    3.9766 2
 -26.4936    3.9560 2
 -26.4895    3.9193 2
 -26.4998    3.8735 2
 -26.5080    3.8437 2
 -26.4915    3.7956 2
 -26.4523    3.7566 2
 -26.3801    3.7360 2
 -26.3264    3.7176 2
 -26.2396    3.7176 2
 -26.1838    3.7130 2
 -26.1135    3.6993 2
 -26.0597    3.6855 2
 -26.0286    3.6695 2
 -25.9851    3.6282 2
 -25.9520    3.5870 2
 -25.9271    3.5343 2
 -25.9375    3.4518 2
 -25.9830    3.3990 2
 -26.0058    3.3624 2
 -26.0721    3.2982 2
 -26.1486    3.2478 2
 -26.2045    3.2203 2
 -26.2479    3.1996 2
 -26.3120    3.1928 2
 -26.3677    3.1928 2
 -26.4523    3.2065 2
 -26.5163    3.1950 2
 -26.5802    3.1744 2
 -26.7038    3.1309 2
 -26.7470    3.1263 2
 -26.8005    3.1309 2
 -26.8539    3.1446 2
 -26.9074    3.1561 2
 -26.9505    3.1538 2
 -27.0080    3.1469 2
 -27.0696    3.1286 2
 -27.1393    3.1057 2
 -27.2439    3.0598 2
 -27.3278    2.9865 2
 -27.3811    2.9154 2
 -27.4097    2.8581 2
 -27.4751    2.7733 2
 -27.5324    2.7252 2
 -27.5998    2.6862 2
 -27.6692    2.6518 2
 -27.7141    2.6312 2
 -27.7956    2.5968 2
 -27.8506    2.5716 2
 -27.9016    2.5510 2
 -27.9301    2.5395 2
 -27.9850    2.5281 2
 -28.0969    2.5372 2
 -28.1436    2.5418 2
 -28.1802    2.5487 2
 -28.2167    2.5533 2
 -28.2695    2.5579 2
 -28.3161    2.5327 2
 -28.3608    2.5029 2
 -28.3851    2.4960 2
 -28.4357    2.4799 2
 -28.5066    2.4891 2
 -28.5532    2.5052 2
 -28.6018    2.5074 2
 -28.6927    2.4479 2
 -28.7251    2.4135 2
 -28.7695    2.3974 2
 -28.8139    2.3608 2
 -28.8099    2.3241 2
 -28.7776    2.2897 2
 -28.7614    2.2805 2
 -28.7432    2.2645 2
 -28.6948    2.2393 2
 -28.6705    2.2209 2
 -28.6624    2.1843 2
 -28.6867    2.1384 2
 -28.7129    2.1041 2
 -28.7332    2.0811 2
 -28.7513    2.0490 2
 -28.8361    2.0124 2
 -28.8684    1.9872 2
 -28.9088    1.9459 2
 -28.9753    1.8840 2
 -29.0458    1.7969 2
 -29.1123    1.7534 2
 -29.1384    1.7213 2
 -29.1847    1.7052 2
 -29.2410    1.6938 2
 -29.3033    1.6915 2
 -29.4538    1.7098 2
 -29.5220    1.7373 2
 -29.6162    1.7694 2
 -29.6763    1.7878 2
 -29.7163    1.8107 2
 -29.7743    1.8474 2
 -29.8303    1.8978 2
 -29.8662    1.9344 2
 -29.8842    1.9551 2
 -29.9082    1.9849 2
 -29.9222    2.0193 2
 -29.9381    2.0697 2
 -29.9780    2.0880 2
 -30.0239    2.1041 2
 -30.0658    2.1224 2
 -30.0877    2.1316 2
 -30.1296    2.1568 2
 -30.1933    2.1774 2
 -30.2530    2.2003 2
 -30.3067    2.2209 2
 -30.3545    2.2301 2
 -30.4240    2.2553 2
 -30.5054    2.2645 2
 -30.5451    2.2714 2
 -30.5828    2.2714 2
 -30.6244    2.2668 2
 -30.6779    2.2645 2
 -30.7631    2.2622 2
 -30.8224    2.2347 2
 -30.9628    2.1751 2
 -30.9944    2.1522 2
 -31.0260    2.1018 2
 -31.0635    2.0582 2
 -31.0911    2.0101 2
 -31.1364    1.9413 2
 -31.1621    1.8955 2
 -31.1857    1.8519 2
 -31.2192    1.7580 2
 -31.2330    1.6915 2
 -31.2665    1.6250 2
 -31.2960    1.5540 2
 -31.3531    1.5265 2
 -31.3983    1.5356 2
 -31.4140    1.5609 2
 -31.4061    1.6067 2
 -31.3826    1.6732 2
 -31.3609    1.7511 2
 -31.3511    1.7992 2
 -31.3235    1.8496 2
 -31.2724    1.8978 2
 -31.2212    1.9505 2
 -31.2015    1.9940 2
 -31.1798    2.0422 2
 -31.1621    2.1132 2
 -31.1601    2.1957 2
 -31.1384    2.2462 2
 -31.1207    2.2805 2
 -31.0970    2.3287 2
 -31.1128    2.3653 2
 -31.1424    2.3745 2
 -31.2251    2.3676 2
 -31.2586    2.3814 2
 -31.2861    2.3883 2
 -31.3078    2.3951 2
 -31.3393    2.4020 2
 -31.3727    2.3906 2
 -31.3904    2.3653 2
 -31.3963    2.3310 2
 -31.3963    2.2920 2
 -31.4081    2.2691 2
 -31.4376    2.2553 2
 -31.4769    2.2485 2
 -31.5083    2.2393 2
 -31.5397    2.2278 2
 -31.5908    2.2049 2
 -31.6006    2.1614 2
 -31.5927    2.1018 2
 -31.5574    2.0353 2
 -31.5378    1.9826 2
 -31.5122    1.9459 2
 -31.4985    1.9047 2
 -31.5279    1.8313 2
 -31.5809    1.7832 2
 -31.6300    1.7648 2
 -31.6947    1.7465 2
 -31.8220    1.6800 2
 -31.8846    1.6732 2
 -31.9686    1.6663 2
 -32.0389    1.6571 2
 -32.0975    1.6479 2
 -32.1658    1.6411 2
 -32.2398    1.6365 2
 -32.2963    1.6319 2
 -32.3352    1.6250 2
 -32.3819    1.6136 2
 -32.4402    1.5906 2
 -32.5063    1.5379 2
 -32.5587    1.5150 2
 -32.5878    1.4875 2
 -32.6092    1.4600 2
 -32.6499    1.4096 2
 -32.6906    1.3798 2
 -32.7313    1.3523 2
 -32.7817    1.3408 2
 -32.8242    1.3271 2
 -32.8978    1.2996 2
 -32.9596    1.2927 2
 -33.0098    1.2904 2
 -33.0523    1.2973 2
 -33.0928    1.2996 2
 -33.1141    1.3110 2
 -33.1237    1.3179 2
 -33.1488    1.3133 2
 -33.1854    1.2927 2
 -33.2220    1.2583 2
 -33.2393    1.2377 2
 -33.2663    1.2583 2
 -33.2490    1.3041 2
 -33.2181    1.3225 2
 -33.1815    1.3454 2
 -33.1449    1.3614 2
 -33.1102    1.3844 2
 -33.0909    1.4142 2
 -33.0871    1.4417 2
 -33.1005    1.5196 2
 -33.1141    1.5609 2
 -33.1333    1.6044 2
 -33.1314    1.6502 2
 -33.1160    1.6892 2
 -33.1063    1.7305 2
 -33.0851    1.7625 2
 -33.0716    1.7901 2
 -33.0735    1.8313 2
 -33.0851    1.8749 2
 -33.0928    1.9161 2
 -33.1179    1.9390 2
 -33.1680    1.9642 2
 -33.2432    1.9734 2
 -33.2971    1.9688 2
 -33.3529    1.9505 2
 -33.4356    1.9436 2
 -33.5143    1.9803 2
 -33.5393    1.9963 2
 -33.5681    2.0261 2
 -33.5968    2.1041 2
 -33.6026    2.1682 2
 -33.5892    2.2209 2
 -33.5566    2.2805 2
 -33.5374    2.3264 2
 -33.4932    2.3768 2
 -33.4721    2.3906 2
 -33.4183    2.4249 2
 -33.3548    2.4318 2
 -33.2798    2.4272 2
 -33.2355    2.4341 2
 -33.2278    2.4364 2
 -33.2181    2.4593 2
 -33.2181    2.4799 2
 -33.2239    2.5074 2
 -33.2336    2.5189 2
 -33.2490    2.5395 2
 -33.2278    2.5556 2
 -33.1796    2.5510 2
 -33.1353    2.5327 2
 -33.1044    2.5166 2
 -33.0928    2.5143 2
 -33.0890    2.5533 2
 -33.0427    2.5808 2
 -33.0002    2.5762 2
 -32.9673    2.5647 2
 -32.9306    2.5441 2
 -32.9016    2.5143 2
 -32.8745    2.4799 2
 -32.8417    2.4341 2
 -32.8339    2.3928 2
 -32.8088    2.3378 2
 -32.7758    2.2989 2
 -32.7313    2.2599 2
 -32.6809    2.2301 2
 -32.6169    2.2026 2
 -32.5587    2.1797 2
 -32.5160    2.1636 2
 -32.4752    2.1522 2
 -32.4227    2.1316 2
 -32.3683    2.1178 2
 -32.3080    2.1384 2
 -32.2320    2.1957 2
 -32.2145    2.2278 2
 -32.1814    2.2782 2
 -32.1619    2.3287 2
 -32.1385    2.3676 2
 -32.1092    2.3974 2
 -32.0760    2.4158 2
 -32.0253    2.4272 2
 -31.9745    2.4410 2
 -31.9100    2.4731 2
 -31.8533    2.5120 2
 -31.7965    2.5579 2
 -31.7652    2.5945 2
 -31.7397    2.6289 2
 -31.6790    2.7091 2
 -31.6437    2.7481 2
 -31.6025    2.8031 2
 -31.5122    2.8856 2
 -31.4514    2.9246 2
 -31.3963    2.9727 2
 -31.3511    3.0117 2
 -31.2606    3.1125 2
 -31.2251    3.1263 2
 -31.1561    3.1469 2
 -31.0950    3.1630 2
 -31.0339    3.1653 2
 -30.9904    3.1698 2
 -30.9272    3.1836 2
 -30.8916    3.2042 2
 -30.8284    3.2478 2
 -30.7690    3.2844 2
 -30.7195    3.3188 2
 -30.6660    3.3463 2
 -30.5927    3.3601 2
 -30.4717    3.4082 2
 -30.3783    3.4540 2
 -30.3306    3.4907 2
 -30.2988    3.5205 2
 -30.2590    3.5503 2
 -30.1973    3.5824 2
 -30.1515    3.5847 2
 -30.0957    3.5664 2
 -30.0519    3.5457 2
 -30.0199    3.5045 2
 -29.9860    3.4563 2
 -29.9780    3.4220 2
 -29.9381    3.4266 2
 -29.9301    3.3968 2
 -29.9201    3.3739 2
 -29.9081    3.3463 2
 -29.8981    3.3211 2
 -29.8741    3.2959 2
 -29.8641    3.2752 2
 -29.8302    3.2500 2
 -29.8102    3.2294 2
 -29.7681    3.2087 2
 -29.7241    3.1697 2
 -29.6821    3.1330 2
 -29.6600    3.1078 2
 -29.6300    3.0849 2
 -29.5999    3.0573 2
 -29.5759    3.0344 2
 -29.5478    3.0161 2
 -29.5117    2.9541 2
 -29.5077    2.9450 2
 -29.4936    2.9312 2
 -29.4715    2.8991 2
 -29.4595    2.8739 2
 -29.4254    2.8578 2
 -29.3731    2.8372 2
 -29.3531    2.8257 2
 -29.3149    2.8096 2
 -29.2827    2.8050 2
 -29.2812    2.8192 2
 -29.2571    2.8169 2
 -29.2169    2.8123 2
 -29.1847    2.8696 2
 -29.1827    2.9544 2
 -29.1666    3.0163 2
 -29.1465    3.0782 2
 -29.1123    3.1125 2
 -29.0720    3.1446 2
 -28.9914    3.1584 2
 -28.9148    3.1492 2
 -28.8422    3.1286 2
 -28.7594    3.1057 2
 -28.6847    3.0782 2
 -28.6220    3.0484 2
 -28.5309    3.0094 2
 -28.4337    2.9842 2
 -28.3486    2.9911 2
 -28.2208    3.0713 2
 -28.1537    3.1538 2
 -28.0867    3.2638 2
 -28.0277    3.3692 2
 -27.9809    3.4632 2
 -27.9199    3.5778 2
 -27.8547    3.6924 2
 -27.8078    3.7680 2
 -27.7508    3.8437 2
 -27.6998    3.9124 2
 -27.6508    3.9812 2
 -27.6018    4.0523 2
 -27.5507    4.1187 2
 -27.4976    4.1714 2
 -27.4486    4.2196 2
 -27.4056    4.2585 2
 -27.3749    4.2792 2
 -27.3156    4.2975 2
 -27.2971    4.3113 2
 -27.2971    4.3296 2
 -27.3115    4.3456 2
 -27.3217    4.3502 2
 -27.3074    4.3983 2
 -27.2582    4.4534 2
 -27.1988    4.4969 2
 -27.1250    4.5565 2
 -27.0799    4.5978 2
 -27.0306    4.6436 2
 -26.9937    4.6917 2
 -26.9526    4.7628 2
 -26.9403    4.8040 2
 -26.9300    4.8361 2
 -26.9177    4.8590 2
 -26.8889    4.8545 2
 -26.8704    4.8522 2
 -26.8498    4.8682 2
 -26.8396    4.9072 2
 -26.8498    4.9416 2
 -26.8663    4.9828 2
 -26.8745    5.0470 2
 -26.8601    5.1112 2
 -26.8169    5.1593 2
 -26.7840    5.1845 2
 -26.7593    5.2235 2
 -26.7573    5.2831 2
 -26.7552    5.2968 2
 -26.7573    5.3197 2
 -26.7573    5.3747 2
 -26.7573    5.4366 2
 -26.7552    5.4779 2
 -26.7696    5.5283 2
 -26.7964    5.5558 2
 -26.8272    5.5696 2
 -26.8683    5.5650 2
 -26.9033    5.5581 2
 -26.9341    5.5489 2
 -26.9526    5.5466 2
 -26.9649    5.5558 2
 -26.9896    5.6154 2
 -26.9772    5.6567 2
 -26.9300    5.6979 2
 -26.8786    5.7323 2
 -26.8354    5.7598 2
 -26.8375    5.7598 2
 -26.7923    5.7781 2
 -26.7532    5.7988 2
 -26.7141    5.8629 2
 -26.6976    5.8904 2
 -26.6729    5.9179 2
 -26.6626    5.9432 2
 -26.6564    5.9798 2
 -26.6399    6.0601 2
 -26.6235    6.1242 2
 -26.5884    6.2044 2
 -26.5637    6.2640 2
 -26.5307    6.3168 2
 -26.4874    6.3763 2
 -26.4462    6.4268 2
 -26.3966    6.4864 2
 -26.3595    6.5207 2
 -26.3202    6.5574 2
 -26.2892    6.5941 2
 -26.2500    6.6491 2
 -26.2396    6.6812 2
 -26.2210    6.7224 2
 -26.1880    6.7545 2
 -26.1093    6.7774 2
 -26.0348    6.7843 2
 -25.9768    6.7866 2
 -25.9333    6.7820 2
 -25.8836    6.7614 2
 -25.8628    6.7408 2
 -25.8462    6.7110 2
 -25.8131    6.6720 2
 -25.7757    6.6422 2
 -25.7425    6.6285 2
 -25.7051    6.6353 2
 -25.6657    6.6766 2
 -25.6241    6.7316 2
 -25.5534    6.7843 2
 -25.4619    6.8416 2
 -25.3870    6.8966 2
 -25.3495    6.9379 2
 -25.3412    6.9814 2
 -25.3516    7.0525 2
 -25.3516    7.1304 2
 -25.3516    7.2015 2
 -25.3599    7.2656 2
 -25.3807    7.3390 2
 -25.3662    7.4169 2
 -25.3162    7.4696 2
 -25.2536    7.4467 2
 -25.1994    7.4284 2
 -25.1577    7.3940 2
 -25.1097    7.3482 2
 -25.0450    7.3115 2
 -24.9280    7.3298 2
 -24.8591    7.3665 2
 -24.8068    7.3825 2
 -24.7503    7.3940 2
 -24.7210    7.3825 2
 -24.6812    7.3619 2
 -24.6623    7.3252 2
 -24.6435    7.2840 2
 -24.6099    7.2656 2
 -24.5806    7.2817 2
 -24.5555    7.3298 2
 -24.5114    7.3642 2
 -24.4590    7.3734 2
 -24.3876    7.3757 2
 -24.3204    7.3665 2
 -24.2469    7.3482 2
 -24.2154    7.3436 2
 -24.1817    7.3000 2
 -24.1460    7.2404 2
 -24.0997    7.1717 2
 -24.0471    7.1350 2
 -23.9671    7.0983 2
 -23.8554    7.0754 2
 -23.7373    7.0708 2
 -23.6064    7.0846 2
 -23.5768    7.0915 2
 -23.5494    7.0960 2
 -23.4817    7.1052 2
 -23.3950    7.1121 2
 -23.2807    7.1258 2
 -23.1727    7.1533 2
 -23.0667    7.1831 2
 -22.9925    7.2175 2
 -22.9245    7.2496 2
 -22.8693    7.2771 2
 -22.8205    7.3138 2
 -22.7610    7.3665 2
 -22.7206    7.4077 2
 -22.6717    7.4650 2
 -22.6376    7.5246 2
 -22.6163    7.5774 2
 -22.5908    7.6369 2
 -22.5716    7.6805 2
 -22.5482    7.7263 2
 -22.4950    7.7607 2
 -22.4183    7.7928 2
 -22.3224    7.8364 2
 -22.2157    7.8799 2
 -22.0897    7.9005 2
 -21.9743    7.9257 2
 -21.8759    7.9395 2
 -21.8053    7.9487 2
 -21.7047    7.9716 2
 -21.6233    8.0128 2
 -21.5482    8.0633 2
 -21.4775    8.1183 2
 -21.3938    8.1733 2
 -21.3208    8.2214 2
 -21.2262    8.2856 2
 -21.1747    8.3314 2
 -21.0757    8.4116 2
 -20.9897    8.4598 2
 -20.8906    8.5125 2
 -20.8130    8.5675 2
 -20.7548    8.6110 2
 -20.6945    8.6523 2
 -20.6535    8.6981 2
 -20.6254    8.7440 2
 -20.6168    8.7875 2
 -20.6082    8.8494 2
 -20.5931    8.9090 2
 -20.5866    8.9915 2
 -20.5866    9.0397 2
 -20.5974    9.1107 2
 -20.5909    9.1863 2
 -20.5909    9.2643 2
 -20.5995    9.3193 2
 -20.6319    9.4087 2
 -20.6945    9.5072 2
 -20.7872    9.6035 2
 -20.8281    9.6424 2
 -20.8583    9.6860 2
 -20.8971    9.7616 2
 -20.9401    9.8533 2
 -20.9444    9.9519 2
 -20.9509    9.9908 2
 -20.9767   10.0367 2
 -21.0155   10.0825 2
 -21.0413   10.1008 2
 -21.0736   10.1444 2
 -21.1037   10.1902 2
 -21.1273   10.2200 2
 -21.1704   10.2773 2
 -21.2090   10.3255 2
 -21.2391   10.3759 2
  99.0000   99.0000 3
