>anchorPlateId 0
>reconstructionTime 0
>WestPacificLIP.gpml Tutamounts_seamounts.gpml CoralSeaLIP.gpml PacificSeaMounts_b.gpml PacificSeaMounts_a.gpml PacificSeaMounts_c.gpml CanningBasin.gpml Kerguelen_plateau.gpml NorthAtlanticLIP.gpml
>Global_EB_250-0Ma_GK07_Matthews++.rot Global_EB_410-250Ma_GK07_Matthews++.rot Global_EB_410-250Ma_GK07_Matthews++.rot Global_EB_250-0Ma_GK07_Matthews++.rot
>UnclassifiedFeature <identity>GPlates-955c6ae3-76d8-430c-bad7-35bb88120ca7</identity> <revision>GPlates-cc93f416-c416-41c1-8b98-037f1a7995ad</revision>
> reconstructionPlateId 901
> validTime TimePeriod <begin> TimeInstant <timePosition>25</timePosition></begin> <end> TimeInstant <timePosition>0</timePosition></end>
> name 
> description 
> conjugatePlateId 0
> spreadingAsymmetry 0
> leftPlate 0
> rightPlate 0
> geometryImportTime TimeInstant <timePosition>0</timePosition>
> shapefileAttributes KeyValueDictionary ( contour,  216250) ( PLATEID1,  901) ( FROMAGE,  25) ( TOAGE,  0) ( NAME,  ) ( DESCR,  ) ( PLATEID2,  0) ( GPGIM_TYPE,  gpml:UnclassifiedFeature) ( FEATURE_ID,  GPlates-f26492ec-9bcd-4fb7-859e-69a01ba29448) ( RECON_METH,  ) ( L_PLATE,  0) ( R_PLATE,  0) ( SPREAD_ASY,  0) ( IMPORT_AGE,  0) ( TYPE,  )
  140.082800      10.568201
  140.135401      10.547800
  140.192499      10.550100
  140.279402      10.568201
  140.332003      10.545500
  140.386900      10.511602
  140.444002      10.493502
  140.510302      10.486700
  140.576601      10.427900
  140.661200      10.362200
  140.707003      10.328302
  140.723001      10.285200
  140.752703      10.276201
  140.777800      10.174299
  140.812101      10.056501
  140.782400      10.017900
  140.773302       9.986200
  140.853300       9.952200
  140.965300       9.947702
  141.043100       9.934099
  141.093401       9.838800
  141.086500       9.773100
  141.107100       9.727701
  141.180300       9.770800
  141.242002       9.818399
  141.285402       9.906900
  141.351702       9.952200
  141.516401       9.945402
  141.644400       9.886499
  141.733603       9.802603
  141.802202       9.709600
  141.966803       9.675501
  142.072001       9.632402
  142.181700       9.573400
  142.369200       9.441801
  142.495001       9.400900
  142.538401       9.316900
  142.559000       9.253302
  142.666403       9.105600
  142.769300       8.946501
  142.872202       8.912401
  142.984301       8.889700
  143.064302       8.841902
  143.192301       8.778200
  143.302099       8.684999
  143.416403       8.625799
  143.580999       8.562101
  143.825701       8.471102
  143.933100       8.439199
  144.113802       8.450602
  144.267000       8.571199
  144.385900       8.728201
  144.548201       8.739599
  144.674002       8.655401
  144.749399       8.539301
  144.870600       8.489302
  144.939199       8.439199
  145.016901       8.480200
  145.110701       8.539301
  145.250101       8.580301
  145.357599       8.607599
  145.510801       8.669001
  145.652601       8.746401
  145.769201       8.735003
  145.872000       8.687300
  145.961203       8.594000
  146.036699       8.477900
  146.116701       8.377703
  146.198999       8.300303
  146.274500       8.222799
  146.379602       8.181902
  146.496202       8.181902
  146.663202       8.218302
  146.836901       8.259302
  146.976400       8.332201
  147.031301       8.434603
  146.955801       8.443701
  146.841501       8.432402
  146.699701       8.462000
  146.578600       8.552999
  146.487101       8.716803
  146.379602       8.857801
  146.249300       8.976103
  146.119001       8.912401
  145.961203       8.866899
  145.686800       8.844202
  145.439901       8.878302
  145.268400       8.905600
  145.167803       9.028402
  145.204401       9.253302
  145.302702       9.339602
  145.476500       9.385000
  145.634302       9.400900
  145.771502       9.419100
  145.885801       9.457701
  145.956602       9.482599
  146.064100       9.464502
  146.215002       9.398600
  146.386499       9.253302
  146.491701       9.128401
  146.617399       8.985201
  146.718000       8.894201
  146.798101       8.801001
  146.873503       8.721399
  146.976400       8.641703
  147.120501       8.559801
  147.262201       8.496099
  147.367399       8.427801
  147.431402       8.482401
  147.458799       8.632601
  147.445101       8.760099
  147.486300       8.814600
  147.513700       8.821501
  147.634901       8.844202
  147.788099       8.860102
  147.911600       8.864702
  147.911600       8.907900
  147.843000       8.926100
  147.781202       9.007902
  147.772100       9.062403
  147.758402       9.176100
  147.751501       9.291903
  147.717199       9.373701
  147.680601       9.478102
  147.669203       9.591600
  147.813200       9.587000
  147.909300       9.530302
  147.984701       9.482599
  148.078501       9.509901
  148.108202       9.578001
  148.115103       9.705000
  148.119600       9.872900
  148.128801       9.988501
  148.160803      10.051901
  148.224802      10.051901
  148.314001       9.990702
  148.419203       9.940901
  148.508303       9.836599
  148.544901       9.754900
  148.485502       9.605200
  148.389402       9.557501
  148.268202       9.512102
  148.222502       9.489500
  148.282000       9.375902
  148.373400       9.319201
  148.405401       9.251001
  148.400900       9.207899
  148.446600       9.064699
  148.492300       9.019300
  148.579203       8.980600
  148.613501       8.960199
  148.762102       8.912401
  148.881002       8.887400
  148.974802       8.855600
  149.025103       8.541601
  149.031900       8.405001
  149.073099       8.250200
  149.086802       8.111200
  149.082201       7.983603
  149.050200       7.753302
  149.036501       7.632502
  149.041101       7.580000
  149.068502       7.545801
  149.185102       7.557199
  149.260599       7.614202
  149.324602       7.714602
  149.445803       7.773901
  149.516600       7.794401
  149.663000       7.789801
  149.743002       7.776102
  149.843599       7.703199
  149.825300       7.596003
  149.736101       7.548002
  149.651602       7.529802
  149.594400       7.500101
  149.569201       7.454500
  149.576101       7.372301
  149.576101       7.331202
  149.576101       7.242201
  149.599001       7.155401
  149.626402       7.027502
  149.612700       6.947599
  149.582899       6.858400
  149.498400       6.835600
  149.532701       6.762503
  149.525801       6.652700
  149.566900       6.545301
  149.642401       6.382902
  149.720102       6.339502
  149.861902       6.277700
  150.067701       6.231901
  150.166002       6.190702
  150.294001       6.165602
  150.319201       6.090002
  150.209402       6.051100
  150.079100       6.025999
  149.983103       5.977900
  149.967100       5.913801
  149.967100       5.881701
  149.992201       5.826799
  149.951101       5.746599
  149.873301       5.671103
  149.845900       5.570299
  149.807001       5.451101
  149.736101       5.391600
  149.594400       5.345701
  149.507502       5.288401
  149.468599       5.238001
  149.452600       5.132601
  149.452600       5.043200
  149.434301       4.983500
  149.374903       4.981199
  149.260599       4.981199
  149.187403       5.004202
  149.121099       5.123400
  149.107401       5.240301
  149.070803       5.352602
  149.041101       5.439699
  148.995302       5.503801
  148.947302       5.471800
  148.878702       5.391600
  148.833002       5.320501
  148.741503       5.105001
  148.718702       5.011000
  148.707201       4.919302
  148.693502       4.747301
  148.659201       4.662401
  148.597502       4.573000
  148.574602       4.490400
  148.590601       4.405500
  148.576902       4.260900
  148.476301       4.270002
  148.426001       4.338900
  148.302500       4.393999
  148.199602       4.380201
  148.071600       4.336599
  147.964102       4.304502
  147.861300       4.286100
  147.797201       4.297602
  147.765200       4.306803
  147.792700       4.350401
  147.820101       4.410002
  147.865801       4.501802
  148.016703       4.662401
  148.133303       4.887201
  148.268202       4.997301
  148.423700       5.107302
  148.538000       5.164701
  148.672899       5.265501
  148.750700       5.373201
  148.833002       5.458002
  148.906202       5.513002
  148.965601       5.545099
  149.043402       5.590902
  149.169100       5.636702
  149.274302       5.680201
  149.365702       5.703100
  149.432001       5.774099
  149.466299       5.863401
  149.475500       5.932100
  149.402300       5.945803
  149.299402       5.959600
  149.203402       5.966402
  149.160002       6.014502
  149.157701       6.115202
  149.198801       6.204500
  149.258303       6.309702
  149.283400       6.424101
  149.212603       6.522402
  149.146200       6.584200
  149.086802       6.652700
  148.997602       6.753302
  148.947302       6.833300
  148.908400       6.824202
  148.901602       6.824202
  148.801001       6.799002
  148.679800       6.767000
  148.576902       6.789900
  148.549501       6.869902
  148.606600       6.933901
  148.670702       6.986403
  148.725500       7.061800
  148.748400       7.148600
  148.762102       7.237600
  148.771299       7.324400
  148.698099       7.340403
  148.602102       7.324400
  148.556299       7.267302
  148.494600       7.176001
  148.419203       7.084600
  148.327700       7.018400
  148.213400       6.959002
  148.092199       6.956701
  147.980101       7.022902
  147.852102       7.041201
  147.701200       7.038900
  147.577700       7.009199
  147.506903       7.077803
  147.463400       7.130301
  147.344500       7.141703
  147.234800       7.112001
  147.159300       7.102900
  147.035902       7.022902
  147.017599       6.945299
  146.960402       6.885900
  146.866701       6.817301
  146.779802       6.755602
  146.706602       6.682501
  146.569403       6.659601
  146.484800       6.673300
  146.343000       6.691603
  146.244699       6.744200
  146.205900       6.792200
  146.139601       6.762503
  146.091600       6.673300
  146.039000       6.616201
  145.952101       6.659601
  145.920099       6.725901
  145.894899       6.801302
  145.867502       6.920099
  145.837801       7.038900
  145.796602       7.109701
  145.705099       7.221601
  145.577101       7.333502
  145.485601       7.433901
  145.346201       7.525202
  145.213499       7.534300
  145.108400       7.500101
  145.019201       7.404303
  145.028402       7.342600
  145.099199       7.258200
  145.154100       7.169100
  145.071802       7.105200
  144.952902       7.068602
  144.957502       7.054899
  145.042101       7.013800
  145.135801       6.997801
  145.170099       6.933901
  145.058100       6.819601
  145.005503       6.764799
  144.877401       6.771601
  144.733400       6.789900
  144.641901       6.856199
  144.472700       6.904200
  144.427000       6.920099
  144.353903       6.849302
  144.241800       6.842501
  144.088602       6.826502
  143.972002       6.883600
  143.937700       6.984102
  143.896601       7.089201
  143.786802       7.132601
  143.674803       7.185102
  143.578699       7.210199
  143.507902       7.228502
  143.446100       7.299299
  143.416403       7.408800
  143.414103       7.422503
  143.375200       7.470503
  143.327200       7.527502
  143.279200       7.520700
  143.219801       7.411100
  143.148901       7.395201
  143.096300       7.452200
  143.036901       7.461302
  143.011702       7.532103
  143.020800       7.582300
  142.938501       7.680403
  142.840200       7.757902
  142.746500       7.828600
  142.641302       7.901503
  142.476702       7.983603
  142.334902       8.033701
  142.229700       8.042902
  142.120001       8.008699
  142.030802       8.008699
  142.021700       8.104403
  142.069700       8.193201
  142.081102       8.282103
  141.980501       8.343599
  141.879900       8.368601
  141.777002       8.377703
  141.671801       8.416403
  141.626101       8.518900
  141.527800       8.546202
  141.404303       8.557600
  141.294600       8.589399
  141.168802       8.666800
  141.033899       8.657701
  140.921900       8.623503
  140.807600       8.589399
  140.734400       8.616701
  140.754999       8.675901
  140.796103       8.725901
  140.766401       8.769102
  140.720701       8.869200
  140.787001       8.878302
  140.876200       8.851000
  140.878401       8.912401
  140.825899       8.960199
  140.732100       8.976103
  140.631502       8.951101
  140.594900       9.003401
  140.553801       9.089701
  140.510302       9.191999
  140.446302       9.314600
  140.370901       9.410002
  140.277102       9.444101
  140.192499       9.473600
  140.137602       9.457701
  140.151400       9.364599
  140.119402       9.312403
  140.023302       9.337301
  139.915899       9.398600
  139.822100       9.459902
  139.794703       9.546202
  139.742102       9.546202
  139.698603       9.509901
  139.668901       9.466803
  139.668901       9.396402
  139.691801       9.275999
  139.726103       9.203302
  139.801500       9.103399
  139.840403       9.042002
  139.819799       9.012400
  139.748899       9.066999
  139.689501       9.142000
  139.641500       9.226000
  139.550001       9.307802
  139.454000       9.332800
  139.394503       9.400900
  139.376303       9.552999
  139.406000       9.623400
  139.426600       9.718599
  139.474600       9.881903
  139.502001       9.988501
  139.522600      10.126699
  139.547701      10.253500
  139.559202      10.310102
  139.623201      10.421103
  139.623201      10.477602
  139.668901      10.541002
  139.728399      10.561399
  139.817499      10.565901
  139.911303      10.586302
  139.977602      10.636000
  140.037001      10.658602
  140.078199      10.590799
  140.082800      10.568201
>