> 1 contour -Z1
0	-69.999999	1
-1	-69.9999990463	1
-2	-69.9999990463	1
-3	-69.9999990463	1
-4	-69.9999990463	1
-5	-69.9999990463	1
-5.00000095367	-70	1
-6	-70.9999990463	1
-7	-70.9999990463	1
-8	-70.9999990463	1
-9	-70.9999990463	1
-10	-70.9999990463	1
-11	-70.9999990463	1
-12	-70.9999990463	1
-12.0000009537	-71	1
-13	-71.9999990463	1
-14	-71.9999990463	1
-15	-71.9999990463	1
-15.0000009537	-72	1
-16	-72.9999990463	1
-17	-72.9999990463	1
-18	-72.9999990463	1
-19	-72.9999990463	1
-20	-72.9999990463	1
-21	-72.9999990463	1
-22	-72.9999990463	1
-23	-72.9999990463	1
-24	-72.9999990463	1
-25	-72.9999990463	1
-26	-72.9999990463	1
-27	-72.9999990463	1
-28	-72.9999990463	1
-29	-72.9999990463	1
-30	-72.9999990463	1
-31	-72.9999990463	1
-32	-72.9999990463	1
-33	-72.9999990463	1
-34	-72.9999990463	1
-35	-72.9999990463	1
-35.9999990463	-72	1
-36	-71.9999990463	1
-37	-71.9999990463	1
-38	-71.9999990463	1
-39	-71.9999990463	1
-40	-71.9999990463	1
-40.0000009537	-72	1
-41	-72.9999990463	1
-42	-72.9999990463	1
-43	-72.9999990463	1
-44	-72.9999990463	1
-45	-72.9999990463	1
-46	-72.9999990463	1
-47	-72.9999990463	1
-47.9999990463	-72	1
-48	-71.9999990463	1
-49	-71.9999990463	1
-50	-71.9999990463	1
-51	-71.9999990463	1
-51.9999990463	-71	1
-52	-70.9999990463	1
-53	-70.9999990463	1
-53.9999990463	-70	1
-53.9999990463	-69	1
-53.9999990463	-68	1
-53	-67.0000009537	1
-52.9999990463	-67	1
-52.9999990463	-66	1
-52.9999990463	-65	1
-52	-64.0000009537	1
-51.9999990463	-64	1
-51.9999990463	-63	1
-52	-62.9999990463	1
-53	-62.9999990463	1
-53.9999990463	-62	1
-53	-61.0000009537	1
-52	-61.0000009537	1
-51	-61.0000009537	1
-50.9999990463	-61	1
-51	-60.9999990463	1
-52	-60.9999990463	1
-53	-60.9999990463	1
-54	-60.9999990463	1
-55	-60.9999990463	1
-55.0000009537	-61	1
-56	-61.9999990463	1
-57	-61.9999990463	1
-58	-61.9999990463	1
-59	-61.9999990463	1
-59.0000009537	-62	1
-60	-62.9999990463	1
-61	-62.9999990463	1
-62	-62.9999990463	1
-63	-62.9999990463	1
-63.0000009537	-63	1
-64	-63.9999990463	1
-65	-63.9999990463	1
-66	-63.9999990463	1
-66.0000009537	-64	1
-67	-64.9999990463	1
-68	-64.9999990463	1
-68.0000009537	-65	1
-69	-65.9999990463	1
-70	-65.9999990463	1
-70.0000009537	-66	1
-71	-66.9999990463	1
-72	-66.9999990463	1
-72.0000009537	-67	1
-73	-67.9999990463	1
-74	-67.9999990463	1
-75	-67.9999990463	1
-75.0000009537	-68	1
-76	-68.9999990463	1
-77	-68.9999990463	1
-78	-68.9999990463	1
-79	-68.9999990463	1
-79.0000009537	-69	1
-80	-69.9999990463	1
-81	-69.9999990463	1
-82	-69.9999990463	1
-83	-69.9999990463	1
-84	-69.9999990463	1
-85	-69.9999990463	1
-86	-69.9999990463	1
-87	-69.9999990463	1
-87.0000009537	-70	1
-88	-70.9999990463	1
-89	-70.9999990463	1
-90	-70.9999990463	1
-91	-70.9999990463	1
-92	-70.9999990463	1
-93	-70.9999990463	1
-94	-70.9999990463	1
-95	-70.9999990463	1
-96	-70.9999990463	1
-97	-70.9999990463	1
-98	-70.9999990463	1
-99	-70.9999990463	1
-100	-70.9999990463	1
-101	-70.9999990463	1
-101.000000954	-71	1
-102	-71.9999990463	1
-102.999999046	-71	1
-103	-70.9999990463	1
-104	-70.9999990463	1
-105	-70.9999990463	1
-106	-70.9999990463	1
-107	-70.9999990463	1
-108	-70.9999990463	1
-108.000000954	-71	1
-109	-71.9999990463	1
-110	-71.9999990463	1
-111	-71.9999990463	1
-112	-71.9999990463	1
-113	-71.9999990463	1
-114	-71.9999990463	1
-115	-71.9999990463	1
-116	-71.9999990463	1
-117	-71.9999990463	1
-118	-71.9999990463	1
-119	-71.9999990463	1
-120	-71.9999990463	1
-121	-71.9999990463	1
-122	-71.9999990463	1
-123	-71.9999990463	1
-124	-71.9999990463	1
-125	-71.9999990463	1
-126	-71.9999990463	1
-127	-71.9999990463	1
-128	-71.9999990463	1
-129	-71.9999990463	1
-129.000000954	-72	1
-130	-72.9999990463	1
-131	-72.9999990463	1
-132	-72.9999990463	1
-132.000000954	-73	1
-133	-73.9999990463	1
-134	-73.9999990463	1
-135	-73.9999990463	1
-136	-73.9999990463	1
-137	-73.9999990463	1
-138	-73.9999990463	1
-139	-73.9999990463	1
-139.000000954	-74	1
-140	-74.9999990463	1
-141	-74.9999990463	1
-142	-74.9999990463	1
-143	-74.9999990463	1
-144	-74.9999990463	1
-145	-74.9999990463	1
-145.000000954	-75	1
-146	-75.9999990463	1
-147	-75.9999990463	1
-148	-75.9999990463	1
-149	-75.9999990463	1
-150	-75.9999990463	1
-151	-75.9999990463	1
-152	-75.9999990463	1
-153	-75.9999990463	1
-153.000000954	-76	1
-154	-76.9999990463	1
-155	-76.9999990463	1
-156	-76.9999990463	1
-157	-76.9999990463	1
-158	-76.9999990463	1
-159	-76.9999990463	1
-160	-76.9999990463	1
-161	-76.9999990463	1
-162	-76.9999990463	1
-163	-76.9999990463	1
-164	-76.9999990463	1
-165	-76.9999990463	1
-166	-76.9999990463	1
-167	-76.9999990463	1
-168	-76.9999990463	1
-169	-76.9999990463	1
-170	-76.9999990463	1
-171	-76.9999990463	1
-172	-76.9999990463	1
-172.999999046	-76	1
-173	-75.9999990463	1
-174	-75.9999990463	1
-175	-75.9999990463	1
-176	-75.9999990463	1
-177	-75.9999990463	1
-178	-75.9999990463	1
-178.999999046	-75	1
-179	-74.9999990463	1
180	-74.9999990463	1
179	-74.9999990463	1
178.000000954	-74	1
178	-73.9999990463	1
177	-73.9999990463	1
176	-73.9999990463	1
175.000000954	-73	1
175	-72.9999990463	1
174	-72.9999990463	1
173	-72.9999990463	1
172.000000954	-72	1
172	-71.9999990463	1
171.000000954	-71	1
171	-70.9999990463	1
170	-70.9999990463	1
169	-70.9999990463	1
168	-70.9999990463	1
167	-70.9999990463	1
166.000000954	-70	1
166	-69.9999990463	1
165	-69.9999990463	1
164	-69.9999990463	1
163	-69.9999990463	1
162	-69.9999990463	1
161	-69.9999990463	1
160.000000954	-69	1
160	-68.9999990463	1
159	-68.9999990463	1
158	-68.9999990463	1
157.000000954	-68	1
157	-67.9999990463	1
156.000000954	-67	1
156	-66.9999990463	1
155	-66.9999990463	1
154	-66.9999990463	1
153.000000954	-66	1
153	-65.9999990463	1
152	-65.9999990463	1
151	-65.9999990463	1
150	-65.9999990463	1
149.000000954	-65	1
149	-64.9999990463	1
148	-64.9999990463	1
147	-64.9999990463	1
146	-64.9999990463	1
145.000000954	-64	1
145	-63.9999990463	1
144	-63.9999990463	1
143	-63.9999990463	1
142.000000954	-63	1
142	-62.9999990463	1
141	-62.9999990463	1
140.000000954	-62	1
140	-61.9999990463	1
139	-61.9999990463	1
138	-61.9999990463	1
137.999999046	-62	1
137	-62.9999990463	1
136	-62.9999990463	1
135	-62.9999990463	1
134	-62.9999990463	1
133	-62.9999990463	1
132	-62.9999990463	1
131.999999046	-63	1
131	-63.9999990463	1
130	-63.9999990463	1
129	-63.9999990463	1
128	-63.9999990463	1
127	-63.9999990463	1
126	-63.9999990463	1
125	-63.9999990463	1
124	-63.9999990463	1
123	-63.9999990463	1
122	-63.9999990463	1
121	-63.9999990463	1
120	-63.9999990463	1
119	-63.9999990463	1
118	-63.9999990463	1
117	-63.9999990463	1
116	-63.9999990463	1
115	-63.9999990463	1
114	-63.9999990463	1
113	-63.9999990463	1
112	-63.9999990463	1
111	-63.9999990463	1
110	-63.9999990463	1
109	-63.9999990463	1
108	-63.9999990463	1
107	-63.9999990463	1
106	-63.9999990463	1
105.000000954	-63	1
105	-62.9999990463	1
104	-62.9999990463	1
103	-62.9999990463	1
102	-62.9999990463	1
101	-62.9999990463	1
100	-62.9999990463	1
99	-62.9999990463	1
98	-62.9999990463	1
97	-62.9999990463	1
96	-62.9999990463	1
95.9999990463	-63	1
95.9999990463	-64	1
95	-64.9999990463	1
94	-64.9999990463	1
93	-64.9999990463	1
92	-64.9999990463	1
91	-64.9999990463	1
90	-64.9999990463	1
89	-64.9999990463	1
88.9999990463	-65	1
88	-65.9999990463	1
87	-65.9999990463	1
86	-65.9999990463	1
85	-65.9999990463	1
84	-65.9999990463	1
83	-65.9999990463	1
82	-65.9999990463	1
81	-65.9999990463	1
80	-65.9999990463	1
79	-65.9999990463	1
78.0000009537	-65	1
78	-64.9999990463	1
77	-64.9999990463	1
76	-64.9999990463	1
75.0000009537	-64	1
75	-63.9999990463	1
74	-63.9999990463	1
73.9999990463	-64	1
73	-64.9999990463	1
72	-64.9999990463	1
71	-64.9999990463	1
70.0000009537	-64	1
70	-63.9999990463	1
69.9999990463	-64	1
69	-64.9999990463	1
68	-64.9999990463	1
67	-64.9999990463	1
66	-64.9999990463	1
65.0000009537	-64	1
65	-63.9999990463	1
64	-63.9999990463	1
63	-63.9999990463	1
62	-63.9999990463	1
61	-63.9999990463	1
60	-63.9999990463	1
59	-63.9999990463	1
58	-63.9999990463	1
57.9999990463	-64	1
57	-64.9999990463	1
56	-64.9999990463	1
55	-64.9999990463	1
54.0000009537	-64	1
54	-63.9999990463	1
53	-63.9999990463	1
52	-63.9999990463	1
51	-63.9999990463	1
50	-63.9999990463	1
49	-63.9999990463	1
48.9999990463	-64	1
48	-64.9999990463	1
47	-64.9999990463	1
46	-64.9999990463	1
45.9999990463	-65	1
45	-65.9999990463	1
44	-65.9999990463	1
43	-65.9999990463	1
42.9999990463	-66	1
42	-66.9999990463	1
41	-66.9999990463	1
40	-66.9999990463	1
39.9999990463	-67	1
39	-67.9999990463	1
38	-67.9999990463	1
37	-67.9999990463	1
36	-67.9999990463	1
35.0000009537	-67	1
35	-66.9999990463	1
34.0000009537	-66	1
34.0000009537	-65	1
34	-64.9999990463	1
33.9999990463	-65	1
33	-65.9999990463	1
32.9999990463	-66	1
32.9999990463	-67	1
32	-67.9999990463	1
31.9999990463	-68	1
31	-68.9999990463	1
30	-68.9999990463	1
29.9999990463	-69	1
29	-69.9999990463	1
28	-69.9999990463	1
27	-69.9999990463	1
26	-69.9999990463	1
25	-69.9999990463	1
24	-69.9999990463	1
23	-69.9999990463	1
22	-69.9999990463	1
21	-69.9999990463	1
20	-69.9999990463	1
19	-69.9999990463	1
18	-69.9999990463	1
17	-69.9999990463	1
16	-69.9999990463	1
15	-69.9999990463	1
14	-69.9999990463	1
13	-69.9999990463	1
12	-69.9999990463	1
11	-69.9999990463	1
10	-69.9999990463	1
9	-69.9999990463	1
8	-69.9999990463	1
7	-69.9999990463	1
6	-69.9999990463	1
5.99999904633	-70	1
5	-70.9999990463	1
4	-70.9999990463	1
3	-70.9999990463	1
2	-70.9999990463	1
1.00000095367	-70	1
1	-69.9999990463	1
0	-69.9999990463	1
> 1 contour -Z1
0	5.99999904633	1
-0.999999000001	5	1
-1	4.999999	1
-1.999999	4	1
-2	3.999999	1
-3	3.999999	1
-3.000001	4	1
-4	4.999999	1
-5	4.999999	1
-6	4.999999	1
-7	4.999999	1
-8	4.999999	1
-9	4.999999	1
-10	4.999999	1
-10.000001	5	1
-11	5.999999	1
-12	5.999999	1
-12.000001	6	1
-13	6.999999	1
-13.000001	7	1
-14	7.999999	1
-14.000001	8	1
-15	8.999999	1
-16	8.999999	1
-17	8.999999	1
-17.000001	9	1
-17.000001	10	1
-17.000001	11	1
-17.000001	12	1
-17.000001	13	1
-17.000001	14	1
-17	14.000001	1
-16.000001	15	1
-16.000001	16	1
-16.000001	17	1
-17	17.999999	1
-17.000001	18	1
-17.000001	19	1
-17.000001	20	1
-17.000001	21	1
-17.000001	22	1
-17.000001	23	1
-17	23.000001	1
-16.000001	24	1
-16.000001	25	1
-16	25.000001	1
-15.000001	26	1
-15	26.000001	1
-14.000001	27	1
-14	27.000001	1
-13.000001	28	1
-13.000001	29	1
-13	29.000001	1
-12	29.000001	1
-11.000001	30	1
-11	30.000001	1
-10.000001	31	1
-10.000001	32	1
-10.000001	33	1
-10.000001	34	1
-10.000001	35	1
-11	35.999999	1
-11.000001	36	1
-12	36.999999	1
-12.000001	37	1
-12.000001	38	1
-12.000001	39	1
-12.000001	40	1
-12.000001	41	1
-12.000001	42	1
-12.000001	43	1
-12	43.000001	1
-11	43.000001	1
-10.000001	44	1
-10	44.000001	1
-9	44.000001	1
-8	44.000001	1
-7	44.000001	1
-6	44.000001	1
-5.000001	45	1
-6	45.999999	1
-6.000001	46	1
-7	46.999999	1
-8	46.999999	1
-9	46.999999	1
-10	46.999999	1
-10.000001	47	1
-11	47.999999	1
-12	47.999999	1
-13	47.999999	1
-13.000001	48	1
-14	48.999999	1
-14.000001	49	1
-15	49.999999	1
-15.000001	50	1
-15.000001	51	1
-16	51.999999	1
-17	51.999999	1
-17.000001	52	1
-18	52.999999	1
-19	52.999999	1
-20	52.999999	1
-20.000001	53	1
-21	53.999999	1
-21.000001	54	1
-22	54.999999	1
-22.000001	55	1
-22	55.000001	1
-21.000001	56	1
-21	56.000001	1
-20.000001	57	1
-20	57.000001	1
-19	57.000001	1
-18.000001	58	1
-18	58.000001	1
-17.000001	59	1
-17	59.000001	1
-16	59.000001	1
-15	59.000001	1
-14.000001	60	1
-14	60.000001	1
-13	60.000001	1
-12	60.000001	1
-11.000001	61	1
-11	61.000001	1
-10	61.000001	1
-9	61.000001	1
-8.000001	62	1
-8	62.000001	1
-7	62.000001	1
-6	62.000001	1
-5	62.000001	1
-4	62.000001	1
-3	62.000001	1
-2	62.000001	1
-1.000001	63	1
-1	63.000001	1
0	63.000001	1
> 1 contour -Z1
0	63.0000009537	1
1	63.000001	1
2	63.000001	1
2.999999	64	1
3	64.000001	1
3.999999	65	1
3	65.999999	1
2.999999	66	1
2.999999	67	1
3	67.000001	1
4	67.000001	1
5	67.000001	1
6	67.000001	1
7	67.000001	1
7.999999	68	1
8	68.000001	1
9	68.000001	1
10	68.000001	1
11	68.000001	1
12	68.000001	1
12.999999	69	1
13	69.000001	1
14	69.000001	1
15	69.000001	1
16	69.000001	1
17	69.000001	1
17.999999	70	1
17.999999	71	1
17	71.999999	1
16.999999	72	1
17	72.000001	1
17.999999	73	1
17.999999	74	1
17.999999	75	1
17	75.999999	1
16.999999	76	1
16	76.999999	1
15	76.999999	1
14	76.999999	1
13.999999	77	1
13	77.999999	1
12	77.999999	1
11.999999	78	1
11	78.999999	1
10	78.999999	1
9	78.999999	1
8.999999	79	1
9	79.000001	1
10	79.000001	1
10.999999	80	1
11	80.000001	1
12	80.000001	1
13	80.000001	1
14	80.000001	1
15	80.000001	1
16	80.000001	1
16.999999	81	1
17	81.000001	1
18	81.000001	1
19	81.000001	1
20	81.000001	1
21	81.000001	1
22	81.000001	1
23	81.000001	1
24	81.000001	1
25	81.000001	1
26	81.000001	1
27	81.000001	1
28	81.000001	1
29	81.000001	1
30	81.000001	1
31	81.000001	1
32	81.000001	1
33	81.000001	1
34	81.000001	1
35	81.000001	1
36	81.000001	1
37	81.000001	1
38	81.000001	1
39	81.000001	1
39.999999	82	1
40	82.000001	1
41	82.000001	1
42	82.000001	1
43	82.000001	1
44	82.000001	1
45	82.000001	1
46	82.000001	1
47	82.000001	1
48	82.000001	1
49	82.000001	1
50	82.000001	1
51	82.000001	1
52	82.000001	1
53	82.000001	1
54	82.000001	1
55	82.000001	1
56	82.000001	1
57	82.000001	1
58	82.000001	1
59	82.000001	1
60	82.000001	1
61	82.000001	1
62	82.000001	1
63	82.000001	1
64	82.000001	1
65	82.000001	1
66	82.000001	1
67	82.000001	1
68	82.000001	1
69	82.000001	1
70	82.000001	1
71	82.000001	1
72	82.000001	1
73	82.000001	1
74	82.000001	1
75	82.000001	1
76	82.000001	1
77	82.000001	1
78	82.000001	1
79	82.000001	1
80	82.000001	1
81	82.000001	1
82	82.000001	1
83	82.000001	1
84	82.000001	1
85	82.000001	1
86	82.000001	1
87	82.000001	1
88	82.000001	1
89	82.000001	1
90	82.000001	1
91	82.000001	1
91.000001	82	1
92	81.000001	1
93	81.000001	1
94	81.000001	1
95	81.000001	1
96	81.000001	1
97	81.000001	1
98	81.000001	1
99	81.000001	1
100	81.000001	1
101	81.000001	1
101.000001	81	1
102	80.000001	1
103	80.000001	1
104	80.000001	1
105	80.000001	1
106	80.000001	1
106.000001	80	1
107	79.000001	1
108	79.000001	1
109	79.000001	1
110	79.000001	1
110.000001	79	1
111	78.000001	1
112	78.000001	1
113	78.000001	1
114	78.000001	1
114.000001	78	1
115	77.000001	1
116	77.000001	1
117	77.000001	1
118	77.000001	1
119	77.000001	1
120	77.000001	1
121	77.000001	1
122	77.000001	1
123	77.000001	1
123.000001	77	1
124	76.000001	1
125	76.000001	1
126	76.000001	1
126.999999	77	1
127	77.000001	1
128	77.000001	1
129	77.000001	1
130	77.000001	1
131	77.000001	1
132	77.000001	1
133	77.000001	1
134	77.000001	1
134.999999	78	1
135	78.000001	1
136	78.000001	1
137	78.000001	1
138	78.000001	1
139	78.000001	1
140	78.000001	1
140.999999	79	1
140	79.999999	1
139.999999	80	1
139	80.999999	1
138	80.999999	1
137	80.999999	1
136.999999	81	1
137	81.000001	1
138	81.000001	1
139	81.000001	1
139.999999	82	1
139	82.999999	1
138.999999	83	1
139	83.000001	1
140	83.000001	1
140.999999	84	1
141	84.000001	1
141.999999	85	1
141.999999	86	1
141	86.999999	1
140	86.999999	1
139.999999	87	1
139	87.999999	1
138	87.999999	1
137	87.999999	1
136	87.999999	1
135	87.999999	1
134	87.999999	1
133	87.999999	1
132	87.999999	1
131	87.999999	1
130	87.999999	1
129.999999	88	1
130	88.000001	1
131	88.000001	1
132	88.000001	1
133	88.000001	1
134	88.000001	1
135	88.000001	1
136	88.000001	1
137	88.000001	1
138	88.000001	1
139	88.000001	1
140	88.000001	1
140.999999	89	1
141	89.000001	1
142	89.000001	1
143	89.000001	1
144	89.000001	1
145	89.000001	1
146	89.000001	1
147	89.000001	1
148	89.000001	1
149	89.000001	1
150	89.000001	1
151	89.000001	1
152	89.000001	1
153	89.000001	1
154	89.000001	1
155	89.000001	1
156	89.000001	1
157	89.000001	1
158	89.000001	1
159	89.000001	1
160	89.000001	1
161	89.000001	1
162	89.000001	1
163	89.000001	1
164	89.000001	1
165	89.000001	1
166	89.000001	1
167	89.000001	1
168	89.000001	1
169	89.000001	1
170	89.000001	1
171	89.000001	1
172	89.000001	1
173	89.000001	1
174	89.000001	1
175	89.000001	1
176	89.000001	1
177	89.000001	1
178	89.000001	1
179	89.000001	1
180	89.000001	1
-179	89.000001	1
-178	89.000001	1
-177	89.000001	1
-176	89.000001	1
-175	89.000001	1
-174	89.000001	1
-173	89.000001	1
-172	89.000001	1
-171	89.000001	1
-170	89.000001	1
-169	89.000001	1
-168	89.000001	1
-167	89.000001	1
-166	89.000001	1
-165	89.000001	1
-164	89.000001	1
-163	89.000001	1
-162	89.000001	1
-161	89.000001	1
-160	89.000001	1
-159	89.000001	1
-158.999999	89	1
-159	88.999999	1
-160	88.999999	1
-161	88.999999	1
-162	88.999999	1
-163	88.999999	1
-164	88.999999	1
-165	88.999999	1
-166	88.999999	1
-167	88.999999	1
-168	88.999999	1
-169	88.999999	1
-170	88.999999	1
-171	88.999999	1
-172	88.999999	1
-173	88.999999	1
-174	88.999999	1
-175	88.999999	1
-176	88.999999	1
-177	88.999999	1
-178	88.999999	1
-179	88.999999	1
180	88.999999	1
179	88.999999	1
178	88.999999	1
177	88.999999	1
176	88.999999	1
175	88.999999	1
174	88.999999	1
173	88.999999	1
172	88.999999	1
171	88.999999	1
170	88.999999	1
169	88.999999	1
168	88.999999	1
167	88.999999	1
166	88.999999	1
165	88.999999	1
164	88.999999	1
163	88.999999	1
162	88.999999	1
161	88.999999	1
160	88.999999	1
159	88.999999	1
158	88.999999	1
157.000001	88	1
157	87.999999	1
156	87.999999	1
155.000001	87	1
156	86.000001	1
157	86.000001	1
158	86.000001	1
158.000001	86	1
158	85.999999	1
157	85.999999	1
156	85.999999	1
155.000001	85	1
155.000001	84	1
155	83.999999	1
154	83.999999	1
153	83.999999	1
152	83.999999	1
151.000001	83	1
151.000001	82	1
152	81.000001	1
152.000001	81	1
152.000001	80	1
153	79.000001	1
154	79.000001	1
155	79.000001	1
156	79.000001	1
157	79.000001	1
158	79.000001	1
159	79.000001	1
160	79.000001	1
161	79.000001	1
161.000001	79	1
162	78.000001	1
163	78.000001	1
164	78.000001	1
165	78.000001	1
166	78.000001	1
167	78.000001	1
168	78.000001	1
169	78.000001	1
170	78.000001	1
171	78.000001	1
172	78.000001	1
172.000001	78	1
173	77.000001	1
174	77.000001	1
175	77.000001	1
176	77.000001	1
176.000001	77	1
177	76.000001	1
177.000001	76	1
178	75.000001	1
179	75.000001	1
179.000001	75	1
180	74.000001	1
-179	74.000001	1
-178.000001	75	1
-178	75.000001	1
-177	75.000001	1
-176	75.000001	1
-175	75.000001	1
-174	75.000001	1
-173	75.000001	1
-172	75.000001	1
-171.000001	76	1
-171	76.000001	1
-170	76.000001	1
-169	76.000001	1
-168.000001	77	1
-169	77.999999	1
-170	77.999999	1
-170.000001	78	1
-170	78.000001	1
-169	78.000001	1
-168	78.000001	1
-167	78.000001	1
-166	78.000001	1
-165	78.000001	1
-164.000001	79	1
-164	79.000001	1
-163	79.000001	1
-162	79.000001	1
-161.999999	79	1
-161	78.000001	1
-160.999999	78	1
-160	77.000001	1
-159.000001	78	1
-159.000001	79	1
-159	79.000001	1
-158	79.000001	1
-157	79.000001	1
-156.999999	79	1
-156	78.000001	1
-155	78.000001	1
-154	78.000001	1
-153	78.000001	1
-152	78.000001	1
-151.999999	78	1
-152	77.999999	1
-153	77.999999	1
-153.999999	77	1
-154	76.999999	1
-155	76.999999	1
-155.999999	76	1
-156	75.999999	1
-157	75.999999	1
-157.999999	75	1
-158	74.999999	1
-159	74.999999	1
-159.999999	74	1
-160	73.999999	1
-160.000001	74	1
-160.000001	75	1
-161	75.999999	1
-162	75.999999	1
-163	75.999999	1
-164	75.999999	1
-165	75.999999	1
-166	75.999999	1
-167	75.999999	1
-168	75.999999	1
-169	75.999999	1
-169.999999	75	1
-169	74.000001	1
-168	74.000001	1
-167	74.000001	1
-166.999999	74	1
-166	73.000001	1
-165	73.000001	1
-164	73.000001	1
-163	73.000001	1
-162	73.000001	1
-161	73.000001	1
-160.999999	73	1
-160	72.000001	1
-159	72.000001	1
-158	72.000001	1
-157	72.000001	1
-156	72.000001	1
-155	72.000001	1
-154	72.000001	1
-153.999999	72	1
-153	71.000001	1
-152	71.000001	1
-151	71.000001	1
-150	71.000001	1
-149	71.000001	1
-148	71.000001	1
-147	71.000001	1
-146	71.000001	1
-145	71.000001	1
-144	71.000001	1
-143	71.000001	1
-142.999999	71	1
-142	70.000001	1
-141	70.000001	1
-140	70.000001	1
-139	70.000001	1
-138	70.000001	1
-137	70.000001	1
-136	70.000001	1
-135.000001	71	1
-135	71.000001	1
-134	71.000001	1
-133	71.000001	1
-132.000001	72	1
-132	72.000001	1
-131	72.000001	1
-130.000001	73	1
-130	73.000001	1
-129.000001	74	1
-129.000001	75	1
-129	75.000001	1
-128.000001	76	1
-128	76.000001	1
-127.000001	77	1
-127	77.000001	1
-126	77.000001	1
-125	77.000001	1
-124.000001	78	1
-124	78.000001	1
-123	78.000001	1
-122	78.000001	1
-121	78.000001	1
-120.000001	79	1
-120	79.000001	1
-119	79.000001	1
-118	79.000001	1
-117	79.000001	1
-116	79.000001	1
-115	79.000001	1
-114	79.000001	1
-113.000001	80	1
-113	80.000001	1
-112	80.000001	1
-111	80.000001	1
-110	80.000001	1
-109	80.000001	1
-108	80.000001	1
-107	80.000001	1
-106.000001	81	1
-106	81.000001	1
-105	81.000001	1
-104	81.000001	1
-103	81.000001	1
-102	81.000001	1
-101	81.000001	1
-100.000001	82	1
-100	82.000001	1
-99	82.000001	1
-98	82.000001	1
-97	82.000001	1
-96	82.000001	1
-95	82.000001	1
-94	82.000001	1
-93	82.000001	1
-92.000001	83	1
-92	83.000001	1
-91	83.000001	1
-90	83.000001	1
-89	83.000001	1
-88	83.000001	1
-87	83.000001	1
-86	83.000001	1
-85	83.000001	1
-84	83.000001	1
-83	83.000001	1
-82	83.000001	1
-81	83.000001	1
-80	83.000001	1
-79	83.000001	1
-78	83.000001	1
-77	83.000001	1
-76	83.000001	1
-75	83.000001	1
-74	83.000001	1
-73	83.000001	1
-72	83.000001	1
-71	83.000001	1
-70	83.000001	1
-69	83.000001	1
-68	83.000001	1
-67	83.000001	1
-66	83.000001	1
-65	83.000001	1
-64	83.000001	1
-63.999999	83	1
-63	82.000001	1
-62	82.000001	1
-61	82.000001	1
-60.000001	83	1
-60	83.000001	1
-59	83.000001	1
-58	83.000001	1
-57	83.000001	1
-56	83.000001	1
-55	83.000001	1
-54	83.000001	1
-53	83.000001	1
-52	83.000001	1
-51	83.000001	1
-50	83.000001	1
-49	83.000001	1
-48	83.000001	1
-47	83.000001	1
-46	83.000001	1
-45	83.000001	1
-44	83.000001	1
-43	83.000001	1
-42	83.000001	1
-41	83.000001	1
-40	83.000001	1
-39	83.000001	1
-38	83.000001	1
-37	83.000001	1
-36	83.000001	1
-35	83.000001	1
-34	83.000001	1
-33	83.000001	1
-32	83.000001	1
-31	83.000001	1
-30	83.000001	1
-29	83.000001	1
-28	83.000001	1
-27	83.000001	1
-26	83.000001	1
-25	83.000001	1
-24	83.000001	1
-23	83.000001	1
-22	83.000001	1
-21	83.000001	1
-20	83.000001	1
-19	83.000001	1
-18	83.000001	1
-17	83.000001	1
-16	83.000001	1
-15.999999	83	1
-15	82.000001	1
-14	82.000001	1
-13	82.000001	1
-12	82.000001	1
-11	82.000001	1
-10.999999	82	1
-10	81.000001	1
-9	81.000001	1
-8	81.000001	1
-7	81.000001	1
-6	81.000001	1
-5.999999	81	1
-5	80.000001	1
-4	80.000001	1
-3.999999	80	1
-3.999999	79	1
-4	78.999999	1
-4.999999	78	1
-4	77.000001	1
-3.999999	77	1
-4	76.999999	1
-5	76.999999	1
-5.999999	76	1
-6	75.999999	1
-7	75.999999	1
-8	75.999999	1
-9	75.999999	1
-10	75.999999	1
-11	75.999999	1
-12	75.999999	1
-12.999999	75	1
-13	74.999999	1
-14	74.999999	1
-15	74.999999	1
-16	74.999999	1
-17	74.999999	1
-18	74.999999	1
-18.999999	74	1
-19	73.999999	1
-20	73.999999	1
-21	73.999999	1
-21.999999	73	1
-21	72.000001	1
-20.999999	72	1
-20.999999	71	1
-21	70.999999	1
-22	70.999999	1
-22.999999	70	1
-23	69.999999	1
-24	69.999999	1
-24.999999	69	1
-25	68.999999	1
-26	68.999999	1
-27	68.999999	1
-28	68.999999	1
-28.999999	68	1
-29	67.999999	1
-30	67.999999	1
-31	67.999999	1
-31.999999	67	1
-32	66.999999	1
-33	66.999999	1
-34	66.999999	1
-34.999999	66	1
-35	65.999999	1
-35.999999	65	1
-36	64.999999	1
-37	64.999999	1
-37.999999	64	1
-38	63.999999	1
-39	63.999999	1
-39.999999	63	1
-40	62.999999	1
-40.999999	62	1
-40.999999	61	1
-41	60.999999	1
-41.999999	60	1
-42	59.999999	1
-43	59.999999	1
-44	59.999999	1
-45	59.999999	1
-46	59.999999	1
-47	59.999999	1
-48	59.999999	1
-49	59.999999	1
-50	59.999999	1
-50.000001	60	1
-51	60.999999	1
-52	60.999999	1
-52.000001	61	1
-53	61.999999	1
-54	61.999999	1
-54.000001	62	1
-55	62.999999	1
-56	62.999999	1
-57	62.999999	1
-58	62.999999	1
-59	62.999999	1
-59.000001	63	1
-60	63.999999	1
-60.000001	64	1
-60	64.000001	1
-59.000001	65	1
-59.000001	66	1
-59	66.000001	1
-58.000001	67	1
-58.000001	68	1
-58	68.000001	1
-57.000001	69	1
-58	69.999999	1
-58.000001	70	1
-59	70.999999	1
-59.000001	71	1
-60	71.999999	1
-61	71.999999	1
-61.000001	72	1
-62	72.999999	1
-63	72.999999	1
-63.000001	73	1
-64	73.999999	1
-65	73.999999	1
-65.000001	74	1
-66	74.999999	1
-67	74.999999	1
-68	74.999999	1
-68.000001	75	1
-69	75.999999	1
-70	75.999999	1
-71	75.999999	1
-72	75.999999	1
-73	75.999999	1
-74	75.999999	1
-75	75.999999	1
-76	75.999999	1
-76.999999	75	1
-76	74.000001	1
-75.999999	74	1
-75	73.000001	1
-74.999999	73	1
-74	72.000001	1
-73	72.000001	1
-72	72.000001	1
-71	72.000001	1
-70.999999	72	1
-70	71.000001	1
-69	71.000001	1
-68	71.000001	1
-67	71.000001	1
-66.999999	71	1
-66	70.000001	1
-65	70.000001	1
-64.999999	70	1
-64	69.000001	1
-63.999999	69	1
-63	68.000001	1
-62	68.000001	1
-61.999999	68	1
-61	67.000001	1
-60.999999	67	1
-60.999999	66	1
-61	65.999999	1
-61.999999	65	1
-61.999999	64	1
-61.999999	63	1
-62	62.999999	1
-62.999999	62	1
-62.999999	61	1
-62	60.000001	1
-61.999999	60	1
-61	59.000001	1
-60.999999	59	1
-60	58.000001	1
-59	58.000001	1
-58.999999	58	1
-58	57.000001	1
-57	57.000001	1
-56.999999	57	1
-56	56.000001	1
-55	56.000001	1
-54.999999	56	1
-54	55.000001	1
-53.999999	55	1
-53	54.000001	1
-52	54.000001	1
-51.999999	54	1
-51.999999	53	1
-51	52.000001	1
-50.999999	52	1
-50	51.000001	1
-49	51.000001	1
-48	51.000001	1
-47	51.000001	1
-46.999999	51	1
-46	50.000001	1
-45	50.000001	1
-44.999999	50	1
-44	49.000001	1
-43	49.000001	1
-42.999999	49	1
-42.999999	48	1
-42.999999	47	1
-42.999999	46	1
-43	45.999999	1
-44	45.999999	1
-44.999999	45	1
-45	44.999999	1
-45.999999	44	1
-46	43.999999	1
-46.999999	43	1
-47	42.999999	1
-47.999999	42	1
-48	41.999999	1
-49	41.999999	1
-50	41.999999	1
-50.000001	42	1
-51	42.999999	1
-51.000001	43	1
-52	43.999999	1
-53	43.999999	1
-53.000001	44	1
-54	44.999999	1
-55	44.999999	1
-56	44.999999	1
-56.999999	44	1
-57	43.999999	1
-58	43.999999	1
-59	43.999999	1
-59.999999	43	1
-60	42.999999	1
-61	42.999999	1
-61.999999	42	1
-62	41.999999	1
-62.000001	42	1
-63	42.999999	1
-64	42.999999	1
-64.999999	42	1
-65	41.999999	1
-65.999999	41	1
-66	40.999999	1
-66.999999	40	1
-67	39.999999	1
-68	39.999999	1
-69	39.999999	1
-70	39.999999	1
-71	39.999999	1
-72	39.999999	1
-72.999999	39	1
-73	38.999999	1
-73.999999	38	1
-73.999999	37	1
-74	36.999999	1
-74.999999	36	1
-74.999999	35	1
-74.999999	34	1
-75	33.999999	1
-75.999999	33	1
-76	32.999999	1
-76.999999	32	1
-77	31.999999	1
-77.999999	31	1
-77	30.000001	1
-76.999999	30	1
-76.999999	29	1
-76.999999	28	1
-76.999999	27	1
-76.999999	26	1
-76	25.000001	1
-75.999999	25	1
-75	24.000001	1
-74	24.000001	1
-73.999999	24	1
-73.999999	23	1
-73	22.000001	1
-72	22.000001	1
-71.999999	22	1
-71	21.000001	1
-70	21.000001	1
-69.999999	21	1
-69	20.000001	1
-68	20.000001	1
-67	20.000001	1
-66	20.000001	1
-65	20.000001	1
> 1 contour -Z1
-57	7.000001	1
-56	7.000001	1
-55	7.000001	1
-54.000001	8	1
-54.000001	9	1
-54	9.000001	1
-53.999999	9	1
-53	8.000001	1
-52	8.000001	1
-51.999999	8	1
-51.999999	7	1
-51.999999	6	1
-51	5.000001	1
-50.999999	5	1
-50	4.000001	1
-49.999999	4	1
-49.999999	3	1
-49	2.000001	1
-48	2.000001	1
-47.999999	2	1
-47	1.000001	1
-46.999999	1	1
-46	9.99999087981e-07	1
-45	9.99999087981e-07	1
-44.999999	0	1
-44	-0.999999000001	1
-43.999999	-1	1
-43.999999	-2	1
-43	-2.999999	1
-42	-2.999999	1
-41	-2.999999	1
-40	-2.999999	1
-39	-2.999999	1
-38.999999	-3	1
-38	-3.999999	1
-37.999999	-4	1
-37	-4.999999	1
-36	-4.999999	1
-35	-4.999999	1
-34.999999	-5	1
-34.999999	-6	1
-34.999999	-7	1
-34	-7.999999	1
-33.999999	-8	1
-33.999999	-9	1
-34	-9.000001	1
-35	-9.000001	1
-35.999999	-10	1
-36	-10.000001	1
-36.999999	-11	1
-37	-11.000001	1
-37.999999	-12	1
-38	-12.000001	1
-38.999999	-13	1
-38.999999	-14	1
-38.999999	-15	1
-38.999999	-16	1
-38.999999	-17	1
-38.999999	-18	1
-38.999999	-19	1
-38.999999	-20	1
-38.999999	-21	1
-38.999999	-22	1
-38.999999	-23	1
-38.999999	-24	1
-39	-24.000001	1
-39.999999	-25	1
-40	-25.000001	1
-40.999999	-26	1
-40	-26.999999	1
-39.999999	-27	1
-40	-27.000001	1
-41	-27.000001	1
-42	-27.000001	1
-43	-27.000001	1
-44	-27.000001	1
-44.000001	-27	1
-45	-26.000001	1
-45.999999	-27	1
-46	-27.000001	1
-46.999999	-28	1
-46.999999	-29	1
-47	-29.000001	1
-47.999999	-30	1
-48	-30.000001	1
-48.999999	-31	1
-49	-31.000001	1
-49.999999	-32	1
-50	-32.000001	1
-50.999999	-33	1
-50.999999	-34	1
-51	-34.000001	1
-51.999999	-35	1
-52	-35.000001	1
-52.999999	-36	1
-52.999999	-37	1
-52.999999	-38	1
-53	-38.000001	1
-53.999999	-39	1
-54	-39.000001	1
-54.999999	-40	1
-54.999999	-41	1
-55	-41.000001	1
-55.999999	-42	1
-56	-42.000001	1
-56.999999	-43	1
-57	-43.000001	1
-57.999999	-44	1
-57.999999	-45	1
-57.999999	-46	1
-57.999999	-47	1
-57	-47.999999	1
-56.999999	-48	1
-56	-48.999999	1
-55	-48.999999	1
-54	-48.999999	1
-53.999999	-49	1
-53	-49.999999	1
-52	-49.999999	1
-51	-49.999999	1
-50	-49.999999	1
-49	-49.999999	1
-48	-49.999999	1
-47	-49.999999	1
-46	-49.999999	1
-45	-49.999999	1
-44	-49.999999	1
-43	-49.999999	1
-42	-49.999999	1
-41	-49.999999	1
-40	-49.999999	1
-39.999999	-50	1
-40	-50.000001	1
-40.999999	-51	1
-41	-51.000001	1
-42	-51.000001	1
-42.999999	-52	1
-43	-52.000001	1
-44	-52.000001	1
-44.999999	-53	1
-45	-53.000001	1
-46	-53.000001	1
-47	-53.000001	1
-48	-53.000001	1
-49	-53.000001	1
-50	-53.000001	1
-50.999999	-54	1
-51	-54.000001	1
-52	-54.000001	1
-53	-54.000001	1
-54	-54.000001	1
-55	-54.000001	1
-55.999999	-55	1
-56	-55.000001	1
-57	-55.000001	1
-58	-55.000001	1
-59	-55.000001	1
-60	-55.000001	1
-61	-55.000001	1
-62	-55.000001	1
-63	-55.000001	1
-64	-55.000001	1
-65	-55.000001	1
-65.999999	-56	1
-66	-56.000001	1
-66.999999	-57	1
-67	-57.000001	1
-68	-57.000001	1
-68.000001	-57	1
-69	-56.000001	1
-70	-56.000001	1
-70.000001	-56	1
-71	-55.000001	1
-72	-55.000001	1
-73	-55.000001	1
-73.000001	-55	1
-74	-54.000001	1
-74.000001	-54	1
> 1 contour -Z1
-108.000001	24	1
-109	24.999999	1
-109.999999	24	1
-109.999999	23	1
-110	22.999999	1
-111	22.999999	1
-111.000001	23	1
-112	23.999999	1
-112.000001	24	1
-113	24.999999	1
-113.000001	25	1
-113.000001	26	1
-114	26.999999	1
-114.000001	27	1
-115	27.999999	1
-115.000001	28	1
-116	28.999999	1
-116.000001	29	1
-117	29.999999	1
-117.000001	30	1
-118	30.999999	1
-118.000001	31	1
-119	31.999999	1
-119.000001	32	1
-120	32.999999	1
-120.000001	33	1
-120.000001	34	1
-121	34.999999	1
-121.000001	35	1
-122	35.999999	1
-122.000001	36	1
-122.000001	37	1
> 1 contour -Z1
-133.000001	54	1
-134	54.999999	1
-134.000001	55	1
-135	55.999999	1
-135.000001	56	1
-136	56.999999	1
-136.000001	57	1
-137	57.999999	1
-138	57.999999	1
-138.000001	58	1
-139	58.999999	1
> 1 contour -Z1
142	21.999999	1
141.999999	22	1
> 1 contour -Z1
140	25.999999	1
139.999999	26	1
139.999999	27	1
139	27.999999	1
138.999999	28	1
138.999999	29	1
138.999999	30	1
> 1 contour -Z1
130.999999	6	1
131	6.000001	1
> 1 contour -Z1
134.999999	10	1
134.999999	11	1
134.999999	12	1
134.999999	13	1
135	13.000001	1
135.000001	13	1
135.000001	12	1
136	11.000001	1
> 1 contour -Z1
132	5.999999	1
131.000001	5	1
131	4.999999	1
> 1 contour -Z1
130.000001	1	1
131	9.99999087981e-07	1
131.000001	0	1
132	-0.999999000001	1
133	-0.999999000001	1
134	-0.999999000001	1
> 1 contour -Z1
145.999999	0	1
146	9.99999087981e-07	1
> 1 contour -Z1
166	-7.999999	1
166.000001	-8	1
> 1 contour -Z1
168	-8.999999	1
168.000001	-9	1
169	-9.999999	1
170	-9.999999	1
170.000001	-10	1
171	-10.999999	1
172	-10.999999	1
172.000001	-11	1
173	-11.999999	1
174	-11.999999	1
175	-11.999999	1
176	-11.999999	1
177	-11.999999	1
> 1 contour -Z1
-177.999999	-31	1
-177.999999	-32	1
-177.999999	-33	1
> 1 contour -Z1
-177	-41.999999	1
-176	-41.999999	1
-175	-41.999999	1
-174	-41.999999	1
-173	-41.999999	1
-172	-41.999999	1
-171	-41.999999	1
-170	-41.999999	1
-169.999999	-42	1
-169.999999	-43	1
-170	-43.000001	1
-171	-43.000001	1
-172	-43.000001	1
-173	-43.000001	1
-173.999999	-44	1
-174	-44.000001	1
-175	-44.000001	1
-176	-44.000001	1
-176.999999	-45	1
-177	-45.000001	1
-178	-45.000001	1
-179	-45.000001	1
180	-45.000001	1
179	-45.000001	1
178.000001	-46	1
179	-46.999999	1
179.000001	-47	1
179.000001	-48	1
179.000001	-49	1
179	-49.000001	1
178.000001	-50	1
178	-50.000001	1
177	-50.000001	1
176	-50.000001	1
175.000001	-51	1
175	-51.000001	1
174.000001	-52	1
174	-52.000001	1
173.000001	-53	1
173	-53.000001	1
172	-53.000001	1
171	-53.000001	1
170.000001	-54	1
170	-54.000001	1
169	-54.000001	1
168.000001	-55	1
168	-55.000001	1
167	-55.000001	1
166	-55.000001	1
165.999999	-55	1
165	-54.000001	1
164.999999	-54	1
164.999999	-53	1
165	-52.999999	1
165.999999	-52	1
165.999999	-51	1
165.999999	-50	1
165.999999	-49	1
165.999999	-48	1
165.999999	-47	1
165.999999	-46	1
166	-45.999999	1
166.999999	-45	1
166.999999	-44	1
166	-43.000001	1
165	-43.000001	1
164	-43.000001	1
163.999999	-43	1
163.999999	-42	1
164	-41.999999	1
164.999999	-41	1
164	-40.000001	1
163.999999	-40	1
163	-39.000001	1
162.999999	-39	1
162.999999	-38	1
162	-37.000001	1
161.999999	-37	1
161	-36.000001	1
160.999999	-36	1
160	-35.000001	1
159.999999	-35	1
159.999999	-34	1
159	-33.000001	1
158.000001	-34	1
158	-34.000001	1
157.999999	-34	1
157.999999	-33	1
157	-32.000001	1
156.999999	-32	1
156.999999	-31	1
156.999999	-30	1
157	-29.999999	1
157.999999	-29	1
157	-28.000001	1
156.999999	-28	1
156.999999	-27	1
156.999999	-26	1
156.999999	-25	1
156.999999	-24	1
156	-23.000001	1
155.999999	-23	1
155.999999	-22	1
155.999999	-21	1
155.999999	-20	1
155.999999	-19	1
155.999999	-18	1
155.999999	-17	1
155.999999	-16	1
156	-15.999999	1
156.999999	-15	1
156	-14.000001	1
155	-14.000001	1
154.999999	-14	1
154.999999	-13	1
154	-12.000001	1
153	-12.000001	1
152.999999	-12	1
> 1 contour -Z1
151	-11.000001	1
150	-11.000001	1
149	-11.000001	1
148	-11.000001	1
147.000001	-12	1
147.000001	-13	1
148	-13.999999	1
148.000001	-14	1
149	-14.999999	1
150	-14.999999	1
150.000001	-15	1
151	-15.999999	1
152	-15.999999	1
152.000001	-16	1
153	-16.999999	1
153.000001	-17	1
153.000001	-18	1
153.000001	-19	1
154	-19.999999	1
154.000001	-20	1
154.000001	-21	1
154.000001	-22	1
154.000001	-23	1
154.000001	-24	1
154	-24.000001	1
153.000001	-25	1
153.000001	-26	1
153.000001	-27	1
154	-27.999999	1
154.000001	-28	1
154.000001	-29	1
154	-29.000001	1
153.000001	-30	1
153.000001	-31	1
153.000001	-32	1
153	-32.000001	1
152.000001	-33	1
152.000001	-34	1
152	-34.000001	1
151.000001	-35	1
151.000001	-36	1
151	-36.000001	1
150.000001	-37	1
150.000001	-38	1
150	-38.000001	1
149.000001	-39	1
149.000001	-40	1
149.000001	-41	1
149.000001	-42	1
150	-42.999999	1
151	-42.999999	1
151.000001	-43	1
151.000001	-44	1
151	-44.000001	1
150.000001	-45	1
150	-45.000001	1
149	-45.000001	1
148.000001	-46	1
149	-46.999999	1
149.000001	-47	1
150	-47.999999	1
150.000001	-48	1
150.000001	-49	1
150	-49.000001	1
149.999999	-49	1
149	-48.000001	1
148	-48.000001	1
147	-48.000001	1
146	-48.000001	1
145.999999	-48	1
145.999999	-47	1
145	-46.000001	1
144.999999	-46	1
144.999999	-45	1
144.999999	-44	1
144	-43.000001	1
143.999999	-43	1
143	-42.000001	1
142.999999	-42	1
142	-41.000001	1
141.999999	-41	1
141	-40.000001	1
140.999999	-40	1
140	-39.000001	1
139.999999	-39	1
139	-38.000001	1
138.999999	-38	1
138	-37.000001	1
137	-37.000001	1
136	-37.000001	1
135.999999	-37	1
135	-36.000001	1
134	-36.000001	1
133	-36.000001	1
132.999999	-36	1
132	-35.000001	1
131	-35.000001	1
130	-35.000001	1
129	-35.000001	1
128	-35.000001	1
127	-35.000001	1
126	-35.000001	1
125.000001	-36	1
125	-36.000001	1
124	-36.000001	1
123	-36.000001	1
122	-36.000001	1
121	-36.000001	1
120.000001	-37	1
120	-37.000001	1
119	-37.000001	1
118	-37.000001	1
117	-37.000001	1
116	-37.000001	1
115.999999	-37	1
115	-36.000001	1
114	-36.000001	1
113	-36.000001	1
112	-36.000001	1
111	-36.000001	1
110.999999	-36	1
110	-35.000001	1
109.999999	-35	1
109.999999	-34	1
109.999999	-33	1
110	-32.999999	1
111	-32.999999	1
111.000001	-33	1
112	-33.999999	1
112.999999	-33	1
113	-32.999999	1
114	-32.999999	1
114.999999	-32	1
114.999999	-31	1
114	-30.000001	1
113.999999	-30	1
113	-29.000001	1
112.999999	-29	1
112	-28.000001	1
111.999999	-28	1
111	-27.000001	1
110.999999	-27	1
110	-26.000001	1
109.999999	-26	1
110	-25.999999	1
110.999999	-25	1
110.999999	-24	1
111	-23.999999	1
111.999999	-23	1
112	-22.999999	1
112.999999	-22	1
112	-21.000001	1
111.999999	-21	1
111	-20.000001	1
110.999999	-20	1
111	-19.999999	1
111.999999	-19	1
112	-18.999999	1
112.999999	-18	1
112.999999	-17	1
112.999999	-16	1
113	-15.999999	1
114	-15.999999	1
114.000001	-16	1
115	-16.999999	1
116	-16.999999	1
117	-16.999999	1
118	-16.999999	1
118.999999	-16	1
118.999999	-15	1
119	-14.999999	1
119.999999	-14	1
119.999999	-13	1
> 1 contour -Z1
91.999999	14	1
91.999999	15	1
91	15.999999	1
90.999999	16	1
90.999999	17	1
90.999999	18	1
90	18.999999	1
89.999999	19	1
89.999999	20	1
89	20.999999	1
88	20.999999	1
87.000001	20	1
87	19.999999	1
86	19.999999	1
85.000001	19	1
85	18.999999	1
84.000001	18	1
84	17.999999	1
83.000001	17	1
83	16.999999	1
82	16.999999	1
81.000001	16	1
81	15.999999	1
80.000001	15	1
80.000001	14	1
80.000001	13	1
80.000001	12	1
80.000001	11	1
80.000001	10	1
81	9.000001	1
81.000001	9	1
82	8.000001	1
82.000001	8	1
82.000001	7	1
82	6.999999	1
81.000001	6	1
81	5.999999	1
80	5.999999	1
79.999999	6	1
79.999999	7	1
79.999999	8	1
79	8.999999	1
78.000001	8	1
78	7.999999	1
77.000001	7	1
77	6.999999	1
76	6.999999	1
75	6.999999	1
74.999999	7	1
75	7.000001	1
75.999999	8	1
75	8.999999	1
74.999999	9	1
75	9.000001	1
75.999999	10	1
75	10.999999	1
74.999999	11	1
74.999999	12	1
74	12.999999	1
73.999999	13	1
73.999999	14	1
73.999999	15	1
73	15.999999	1
72.999999	16	1
72.999999	17	1
72	17.999999	1
71	17.999999	1
70.999999	18	1
70.999999	19	1
70	19.999999	1
69.999999	20	1
69	20.999999	1
68.999999	21	1
68	21.999999	1
67.999999	22	1
> 1 contour -Z1
62	22.999999	1
61	22.999999	1
60	22.999999	1
59.000001	22	1
59.000001	21	1
59	20.999999	1
58.000001	20	1
58.000001	19	1
58	18.999999	1
57.000001	18	1
57	17.999999	1
56	17.999999	1
55	17.999999	1
54.000001	17	1
54	16.999999	1
53	16.999999	1
52.000001	16	1
52	15.999999	1
51.000001	15	1
51	14.999999	1
50	14.999999	1
49.000001	14	1
49	13.999999	1
48	13.999999	1
47	13.999999	1
46	13.999999	1
45.000001	13	1
45	12.999999	1
44	12.999999	1
43.000001	12	1
43.000001	11	1
44	10.000001	1
45	10.000001	1
46	10.000001	1
46.999999	11	1
47	11.000001	1
48	11.000001	1
49	11.000001	1
50	11.000001	1
50.999999	12	1
51	12.000001	1
51.000001	12	1
51.000001	11	1
51.000001	10	1
51	9.999999	1
50.000001	9	1
50.000001	8	1
50	7.999999	1
49.000001	7	1
49.000001	6	1
49	5.999999	1
48.000001	5	1
48	4.999999	1
47.000001	4	1
47	3.999999	1
46.000001	3	1
46	2.999999	1
45.000001	2	1
45	1.999999	1
44.000001	1	1
44	0.999999000001	1
43.000001	0	1
43	-9.99999087981e-07	1
42.000001	-1	1
42	-1.000001	1
41.000001	-2	1
41	-2.000001	1
40.000001	-3	1
40	-3.000001	1
39.000001	-4	1
39.000001	-5	1
39.000001	-6	1
39.000001	-7	1
39.000001	-8	1
39.000001	-9	1
40	-9.999999	1
40.000001	-10	1
40.000001	-11	1
40.000001	-12	1
40.000001	-13	1
40.000001	-14	1
40.000001	-15	1
40.000001	-16	1
40	-16.000001	1
39.000001	-17	1
39	-17.000001	1
38	-17.000001	1
37.000001	-18	1
37.000001	-19	1
37	-19.000001	1
36.000001	-20	1
36	-20.000001	1
35.000001	-21	1
35.000001	-22	1
35.000001	-23	1
35.000001	-24	1
35.000001	-25	1
35	-25.000001	1
34	-25.000001	1
33.000001	-26	1
33.000001	-27	1
33	-27.000001	1
32.000001	-28	1
32.000001	-29	1
32	-29.000001	1
31.000001	-30	1
31	-30.000001	1
30.000001	-31	1
30	-31.000001	1
29.000001	-32	1
29	-32.000001	1
28.000001	-33	1
28	-33.000001	1
27.000001	-34	1
27	-34.000001	1
26	-34.000001	1
25.000001	-35	1
25	-35.000001	1
24.000001	-36	1
24	-36.000001	1
23	-36.000001	1
22	-36.000001	1
21.000001	-37	1
21	-37.000001	1
20	-37.000001	1
19.999999	-37	1
19	-36.000001	1
18	-36.000001	1
17.999999	-36	1
17	-35.000001	1
16.999999	-35	1
16.999999	-34	1
16	-33.000001	1
15.999999	-33	1
15.999999	-32	1
15	-31.000001	1
14.999999	-31	1
14	-30.000001	1
13.999999	-30	1
13.999999	-29	1
13.999999	-28	1
13.999999	-27	1
13.999999	-26	1
13	-25.000001	1
12.999999	-25	1
12.999999	-24	1
12.999999	-23	1
12.999999	-22	1
12	-21.000001	1
11.999999	-21	1
11.999999	-20	1
11.999999	-19	1
11.999999	-18	1
11	-17.000001	1
10.999999	-17	1
11	-16.999999	1
11.999999	-16	1
11.999999	-15	1
11.999999	-14	1
12	-13.999999	1
12.999999	-13	1
12	-12.000001	1
11.999999	-12	1
11.999999	-11	1
11.999999	-10	1
11	-9.000001	1
10.999999	-9	1
10.999999	-8	1
10.999999	-7	1
10.999999	-6	1
10	-5.000001	1
9.999999	-5	1
9	-4.000001	1
8.999999	-4	1
8	-3.000001	1
7.999999	-3	1
8	-2.999999	1
8.999999	-2	1
8.999999	-1	1
8.999999	0	1
9	9.99999087981e-07	1
9.999999	1	1
9.999999	2	1
9.999999	3	1
9.999999	4	1
9	4.999999	1
8.999999	5	1
8	5.999999	1
7	5.999999	1
6	5.999999	1
5	5.999999	1
4	5.999999	1
3	5.999999	1
2	5.999999	1
1	5.999999	1
0	5.999999	1
> 1 contour -Z1
-126	89.0000009537	1
-125	89.000001	1
-124	89.000001	1
-123	89.000001	1
-122	89.000001	1
-121	89.000001	1
-120	89.000001	1
-119	89.000001	1
-118	89.000001	1
-117	89.000001	1
-116	89.000001	1
-115	89.000001	1
-114	89.000001	1
-113	89.000001	1
-112	89.000001	1
-111	89.000001	1
-110	89.000001	1
-109	89.000001	1
-108	89.000001	1
-107	89.000001	1
-106	89.000001	1
-105	89.000001	1
-104	89.000001	1
-103	89.000001	1
-102	89.000001	1
-101	89.000001	1
-100	89.000001	1
-99	89.000001	1
-98	89.000001	1
-97	89.000001	1
-96	89.000001	1
-95	89.000001	1
-94	89.000001	1
-93	89.000001	1
-92	89.000001	1
-91	89.000001	1
-90	89.000001	1
-89	89.000001	1
-88	89.000001	1
-87	89.000001	1
-86	89.000001	1
-85	89.000001	1
-84	89.000001	1
-83	89.000001	1
-82	89.000001	1
-81	89.000001	1
-80	89.000001	1
-79	89.000001	1
-78	89.000001	1
-77	89.000001	1
-76	89.000001	1
-75	89.000001	1
-74	89.000001	1
-73	89.000001	1
-72	89.000001	1
-71	89.000001	1
-70	89.000001	1
-69	89.000001	1
-68	89.000001	1
-67	89.000001	1
-66	89.000001	1
-65	89.000001	1
-64	89.000001	1
-63	89.000001	1
-62	89.000001	1
-61	89.000001	1
-60	89.000001	1
-59	89.000001	1
-58	89.000001	1
-57	89.000001	1
-56	89.000001	1
-55	89.000001	1
-54	89.000001	1
-53	89.000001	1
-52	89.000001	1
-51	89.000001	1
-50	89.000001	1
-49	89.000001	1
-48	89.000001	1
-47	89.000001	1
-46	89.000001	1
-45	89.000001	1
-44	89.000001	1
-43	89.000001	1
-42.999999	89	1
-42	88.000001	1
-41	88.000001	1
-40.999999	88	1
-41	87.999999	1
-42	87.999999	1
-43	87.999999	1
-43.999999	87	1
-44	86.999999	1
-44.999999	86	1
-44	85.000001	1
-43.999999	85	1
-44	84.999999	1
-45	84.999999	1
-46	84.999999	1
-47	84.999999	1
-48	84.999999	1
-49	84.999999	1
-50	84.999999	1
-51	84.999999	1
-52	84.999999	1
-53	84.999999	1
-54	84.999999	1
-55	84.999999	1
-56	84.999999	1
-57	84.999999	1
-58	84.999999	1
-59	84.999999	1
-60	84.999999	1
-61	84.999999	1
-62	84.999999	1
-63	84.999999	1
-64	84.999999	1
-65	84.999999	1
-66	84.999999	1
-67	84.999999	1
-68	84.999999	1
-69	84.999999	1
-70	84.999999	1
-71	84.999999	1
-72	84.999999	1
-73	84.999999	1
-74	84.999999	1
-75	84.999999	1
-76	84.999999	1
-77	84.999999	1
-78	84.999999	1
-79	84.999999	1
-79.000001	85	1
-79	85.000001	1
-78	85.000001	1
-77	85.000001	1
-76	85.000001	1
-75	85.000001	1
-74	85.000001	1
-73	85.000001	1
-72	85.000001	1
-71	85.000001	1
-70	85.000001	1
-69	85.000001	1
-68	85.000001	1
-67	85.000001	1
-66	85.000001	1
-65.000001	86	1
-65	86.000001	1
-64	86.000001	1
-63	86.000001	1
-62	86.000001	1
-61	86.000001	1
-60.000001	87	1
-61	87.999999	1
-62	87.999999	1
-63	87.999999	1
-64	87.999999	1
-65	87.999999	1
-66	87.999999	1
-67	87.999999	1
-68	87.999999	1
-69	87.999999	1
-70	87.999999	1
-71	87.999999	1
-72	87.999999	1
-73	87.999999	1
-74	87.999999	1
-74.000001	88	1
-75	88.999999	1
-76	88.999999	1
-77	88.999999	1
-78	88.999999	1
-79	88.999999	1
-80	88.999999	1
-81	88.999999	1
-82	88.999999	1
-83	88.999999	1
-84	88.999999	1
-85	88.999999	1
-86	88.999999	1
-87	88.999999	1
-88	88.999999	1
-89	88.999999	1
-90	88.999999	1
-91	88.999999	1
-92	88.999999	1
-93	88.999999	1
-94	88.999999	1
-95	88.999999	1
-96	88.999999	1
-97	88.999999	1
-98	88.999999	1
-99	88.999999	1
-100	88.999999	1
-101	88.999999	1
-102	88.999999	1
-103	88.999999	1
-104	88.999999	1
-105	88.999999	1
-106	88.999999	1
-107	88.999999	1
-108	88.999999	1
-109	88.999999	1
-110	88.999999	1
-111	88.999999	1
-112	88.999999	1
-113	88.999999	1
-114	88.999999	1
-115	88.999999	1
-116	88.999999	1
-117	88.999999	1
-118	88.999999	1
-119	88.999999	1
-120	88.999999	1
-121	88.999999	1
-122	88.999999	1
-123	88.999999	1
-124	88.999999	1
-125	88.999999	1
-126	88.999999	1
-126.000001	89	1
-126	89.0000009537	1
> 1 contour -Z1
180	72.999999	1
-179.000000954	72	1
-179.000000954	71	1
-179.000000954	70	1
180	69.0000009537	1
179.000000954	70	1
179.000000954	71	1
179.000000954	72	1
180	72.999999	1
> 1 contour -Z1
-9	70.0000009537	1
-8	70.000001	1
-7.999999	70	1
-7.999999	69	1
-7.999999	68	1
-7.999999	67	1
-8	66.999999	1
-8.999999	66	1
-9	65.999999	1
-10	65.999999	1
-11	65.999999	1
-12	65.999999	1
-12.000001	66	1
-12	66.000001	1
-11.000001	67	1
-11	67.000001	1
-10.000001	68	1
-10	68.000001	1
-9	68.000001	1
-8.000001	69	1
-9	69.999999	1
-9.000001	70	1
-9	70.0000009537	1
> 1 contour -Z1
180	62.999999	1
-179.000000954	62	1
-179.000000954	61	1
-179.000000954	60	1
-179.000000954	59	1
180	58.0000009537	1
179.000000954	59	1
179.000000954	60	1
179.000000954	61	1
179.000000954	62	1
180	62.999999	1
> 1 contour -Z1
168	59.999999	1
169	59.9999990463	1
169.999999046	59	1
169.999999046	58	1
169.999999046	57	1
> 1 contour -Z1
166.000000954	58	1
167	58.9999990463	1
167.000000954	59	1
168	59.999999	1
> 1 contour -Z1
180	57.999999	1
-179.000000954	57	1
-179.000000954	56	1
-179.000000954	55	1
180	54.0000009537	1
179.000000954	55	1
179.000000954	56	1
179.000000954	57	1
180	57.999999	1
> 1 contour -Z1
-123	51.999999	1
-122.000000954	51	1
-122.000000954	50	1
> 1 contour -Z1
-123.999999046	51	1
-123	51.999999	1
> 1 contour -Z1
139	44.999999	1
139.999999046	44	1
139.999999046	43	1
139.999999046	42	1
139	41.0000009537	1
138.999999046	41	1
138	40.0000009537	1
137	40.0000009537	1
136	40.0000009537	1
135.000000954	41	1
135	41.0000009537	1
134.000000954	42	1
135	42.9999990463	1
136	42.9999990463	1
136.000000954	43	1
137	43.9999990463	1
138	43.9999990463	1
138.000000954	44	1
139	44.999999	1
> 1 contour -Z1
7.99999904633	40	1
> 1 contour -Z1
5.00000095367	40	1
5	40.0000009537	1
4.00000095367	41	1
5	41.9999990463	1
6	41.9999990463	1
> 1 contour -Z1
18	39.999999	1
19	39.9999990463	1
> 1 contour -Z1
23	34.0000009537	1
22.9999990463	34	1
22	33.0000009537	1
21	33.0000009537	1
20.0000009537	34	1
20	34.0000009537	1
19	34.0000009537	1
18	34.0000009537	1
17.0000009537	35	1
17	35.0000009537	1
16.0000009537	36	1
16.0000009537	37	1
17	37.9999990463	1
17.0000009537	38	1
17.0000009537	39	1
18	39.999999	1
> 1 contour -Z1
-114	30.999999	1
-113.000000954	30	1
-114	29.0000009537	1
-114.999999046	30	1
-114	30.999999	1
> 1 contour -Z1
-112	28.999999	1
-111.000000954	28	1
-111	27.9999990463	1
-110.000000954	27	1
-111	26.0000009537	1
-111.999999046	27	1
-112	27.0000009537	1
-112.999999046	28	1
-112	28.999999	1
> 1 contour -Z1
-93	27.999999	1
-92	27.9999990463	1
-91	27.9999990463	1
-90	27.9999990463	1
-89	27.9999990463	1
-88	27.9999990463	1
-87	27.9999990463	1
-86.0000009537	27	1
-86	26.9999990463	1
-85.0000009537	26	1
-85.0000009537	25	1
-86	24.0000009537	1
-86.9999990463	25	1
-87	25.0000009537	1
-88	25.0000009537	1
-89	25.0000009537	1
-89.0000009537	25	1
-90	24.0000009537	1
-91	24.0000009537	1
-92	24.0000009537	1
-92.0000009537	24	1
-93	23.0000009537	1
-93.0000009537	23	1
-94	22.0000009537	1
-94.0000009537	22	1
-94.0000009537	21	1
-95	20.0000009537	1
-95.9999990463	21	1
-95.9999990463	22	1
-96	22.0000009537	1
-97	22.0000009537	1
-97.9999990463	23	1
-97	23.9999990463	1
-96.9999990463	24	1
-96.9999990463	25	1
-96	25.9999990463	1
-95.9999990463	26	1
-95	26.9999990463	1
-94	26.9999990463	1
-93.9999990463	27	1
-93	27.999999	1
> 1 contour -Z1
133	24.0000009537	1
133.000001	24	1
133	23.999999	1
132.999999	24	1
133	24.0000009537	1
> 1 contour -Z1
37	23.999999	1
38	23.9999990463	1
38.9999990463	23	1
38.9999990463	22	1
39	21.9999990463	1
39.9999990463	21	1
40	20.9999990463	1
40.9999990463	20	1
41	19.9999990463	1
41.9999990463	19	1
41.9999990463	18	1
42	17.9999990463	1
42.9999990463	17	1
42.9999990463	16	1
42.9999990463	15	1
42	14.0000009537	1
41.0000009537	15	1
41	15.0000009537	1
40	15.0000009537	1
39.0000009537	16	1
39.0000009537	17	1
39.0000009537	18	1
39	18.0000009537	1
38.0000009537	19	1
38	19.0000009537	1
37.0000009537	20	1
37.0000009537	21	1
37.0000009537	22	1
37	22.0000009537	1
36.0000009537	23	1
37	23.999999	1
> 1 contour -Z1
134	23.0000009537	1
135	23.000001	1
135.000001	23	1
135	22.999999	1
134	22.999999	1
133.999999	23	1
134	23.0000009537	1
> 1 contour -Z1
137	23.0000009537	1
137.000001	23	1
137	22.999999	1
136.999999	23	1
137	23.0000009537	1
> 1 contour -Z1
117	12.0000009537	1
116	12.0000009537	1
115	12.0000009537	1
114.999999046	12	1
114	11.0000009537	1
113	11.0000009537	1
112.999999046	11	1
112	10.0000009537	1
111.000000954	11	1
111.000000954	12	1
112	12.9999990463	1
112.000000954	13	1
113	13.9999990463	1
113.000000954	14	1
114	14.9999990463	1
114.000000954	15	1
115	15.9999990463	1
115.000000954	16	1
115.000000954	17	1
115	17.0000009537	1
114.999999046	17	1
114	16.0000009537	1
113.000000954	17	1
114	17.9999990463	1
114.000000954	18	1
115	18.9999990463	1
116	18.9999990463	1
> 1 contour -Z1
143	19.0000009537	1
143.000001	19	1
143.000001	18	1
143.000001	17	1
143.000001	16	1
143.000001	15	1
> 1 contour -Z1
142.999999	15	1
142.999999	16	1
142.999999	17	1
142.999999	18	1
142.999999	19	1
143	19.0000009537	1
> 1 contour -Z1
-81	19.999999	1
-80	19.9999990463	1
-79	19.9999990463	1
-78	19.9999990463	1
-77.0000009537	19	1
-78	18.0000009537	1
-79	18.0000009537	1
-80	18.0000009537	1
-81	18.0000009537	1
-81.0000009537	18	1
-82	17.0000009537	1
-83	17.0000009537	1
-84	17.0000009537	1
-84.9999990463	18	1
-84	18.9999990463	1
-83	18.9999990463	1
-82	18.9999990463	1
-81.9999990463	19	1
-81	19.999999	1
> 1 contour -Z1
135	17.0000009537	1
135.000001	17	1
135.000001	16	1
135	15.999999	1
134.999999	16	1
134.999999	17	1
135	17.0000009537	1
> 1 contour -Z1
-72	17.999999	1
-71.0000009537	17	1
-71	16.9999990463	1
-70	16.9999990463	1
-69	16.9999990463	1
-68	16.9999990463	1
-67	16.9999990463	1
-66	16.9999990463	1
-65	16.9999990463	1
-64.0000009537	16	1
-64	15.9999990463	1
-63.0000009537	15	1
-63.0000009537	14	1
-63.0000009537	13	1
-64	12.0000009537	1
-65	12.0000009537	1
-65.9999990463	13	1
-66	13.0000009537	1
-67	13.0000009537	1
-68	13.0000009537	1
-69	13.0000009537	1
-70	13.0000009537	1
-71	13.0000009537	1
-72	13.0000009537	1
> 1 contour -Z1
-75.9999990463	15	1
-75	15.9999990463	1
-74	15.9999990463	1
-73.9999990463	16	1
-73	16.9999990463	1
-72.9999990463	17	1
-72	17.999999	1
> 1 contour -Z1
117.000000954	8	1
118	8.99999904633	1
> 1 contour -Z1
118.999999046	-2	1
118	-2.99999904633	1
117.000000954	-2	1
> 1 contour -Z1
55	-3.99999904633	1
56	-3.999999	1
56.000001	-4	1
56.000001	-5	1
56	-5.000001	1
55	-5.000001	1
54.999999	-5	1
54.999999	-4	1
55	-3.99999904633	1
> 1 contour -Z1
128	-4.000001	1
129	-4.00000095367	1
> 1 contour -Z1
127.000000954	-5	1
128	-4.000001	1
> 1 contour -Z1
163	-16.9999990463	1
162.999999046	-17	1
162	-17.9999990463	1
161	-17.9999990463	1
160.999999046	-18	1
160	-18.9999990463	1
159	-18.9999990463	1
158.000000954	-18	1
158.000000954	-17	1
159	-16.0000009537	1
159.000000954	-16	1
159.000000954	-15	1
160	-14.0000009537	1
161	-14.0000009537	1
162	-14.0000009537	1
162.000000954	-14	1
> 1 contour -Z1
169	-11.000001	1
170	-11.0000009537	1
171	-11.0000009537	1
171.999999046	-12	1
172	-12.0000009537	1
173	-12.0000009537	1
173.999999046	-13	1
174	-13.0000009537	1
174.999999046	-14	1
175	-14.0000009537	1
175.999999046	-15	1
175.999999046	-16	1
176	-16.0000009537	1
176.999999046	-17	1
176.999999046	-18	1
177	-18.0000009537	1
178	-18.0000009537	1
178.999999046	-19	1
179	-19.0000009537	1
179.000000954	-19	1
179.000000954	-18	1
180	-17.0000009537	1
-179.000000954	-18	1
-179.000000954	-19	1
-179.000000954	-20	1
-179.000000954	-21	1
180	-21.9999990463	1
179.999999046	-22	1
179.999999046	-23	1
179.999999046	-24	1
179.999999046	-25	1
179.999999046	-26	1
179.999999046	-27	1
179.999999046	-28	1
179.999999046	-29	1
179.999999046	-30	1
179.999999046	-31	1
179	-31.9999990463	1
178.999999046	-32	1
178.999999046	-33	1
178	-33.9999990463	1
177	-33.9999990463	1
176	-33.9999990463	1
175.000000954	-33	1
175	-32.9999990463	1
174.000000954	-32	1
174.000000954	-31	1
174	-30.9999990463	1
173.000000954	-30	1
173.000000954	-29	1
173.000000954	-28	1
173	-27.9999990463	1
172.000000954	-27	1
172	-26.9999990463	1
171	-26.9999990463	1
170.000000954	-26	1
170.000000954	-25	1
> 1 contour -Z1
169	-11.000001	1
> 1 contour -Z1
49	-12.9999990463	1
50	-12.999999	1
50.000001	-13	1
50.000001	-14	1
50.000001	-15	1
50.000001	-16	1
50.000001	-17	1
50	-17.000001	1
49.000001	-18	1
49.000001	-19	1
49.000001	-20	1
49	-20.000001	1
48.000001	-21	1
48.000001	-22	1
48.000001	-23	1
48	-23.000001	1
47.000001	-24	1
47.000001	-25	1
47	-25.000001	1
46	-25.000001	1
45.000001	-26	1
45	-26.000001	1
44.999999	-26	1
44	-25.000001	1
43.999999	-25	1
43.999999	-24	1
43.999999	-23	1
43.999999	-22	1
43.999999	-21	1
44	-20.999999	1
44.999999	-20	1
44.999999	-19	1
44	-18.000001	1
43.999999	-18	1
43.999999	-17	1
44	-16.999999	1
44.999999	-16	1
45	-15.999999	1
46	-15.999999	1
46.999999	-15	1
47	-14.999999	1
47.999999	-14	1
48	-13.999999	1
48.999999	-13	1
49	-12.9999990463	1
> 1 contour -Z1
158.999999046	-13	1
158.999999046	-14	1
158	-14.9999990463	1
157.000000954	-14	1
157.000000954	-13	1
> 1 contour -Z1
-178	-16.000001	1
-177	-16.0000009537	1
> 1 contour -Z1
-178.999999046	-22	1
-178.999999046	-21	1
-178.999999046	-20	1
-178.999999046	-19	1
-178.999999046	-18	1
-178.999999046	-17	1
-178	-16.000001	1
> 1 contour -Z1
109	-19.9999990463	1
109.000001	-20	1
109.000001	-21	1
109	-21.000001	1
108.000001	-22	1
108	-22.000001	1
107.000001	-23	1
107	-23.000001	1
106.999999	-23	1
106.999999	-22	1
107	-21.999999	1
107.999999	-21	1
108	-20.999999	1
108.999999	-20	1
109	-19.9999990463	1
> 1 contour -Z1
178	-19.9999990463	1
178.000001	-20	1
178	-20.000001	1
177.999999	-20	1
178	-19.9999990463	1
> 1 contour -Z1
177	-20.9999990463	1
177.000001	-21	1
177	-21.000001	1
176.999999	-21	1
177	-20.9999990463	1
> 1 contour -Z1
103	-21.9999990463	1
104	-21.999999	1
105	-21.999999	1
105.000001	-22	1
105	-22.000001	1
104	-22.000001	1
103	-22.000001	1
102.999999	-22	1
103	-21.9999990463	1
> 1 contour -Z1
175	-21.9999990463	1
175.000001	-22	1
175	-22.000001	1
174.999999	-22	1
175	-21.9999990463	1
> 1 contour -Z1
109	-22.9999990463	1
109.000001	-23	1
109.000001	-24	1
109.000001	-25	1
109	-25.000001	1
108.999999	-25	1
108	-24.000001	1
107.999999	-24	1
108	-23.999999	1
108.999999	-23	1
109	-22.9999990463	1
> 1 contour -Z1
100	-25.9999990463	1
100.000001	-26	1
100	-26.000001	1
99.999999	-26	1
100	-25.9999990463	1
> 1 contour -Z1
98	-27.9999990463	1
98.000001	-28	1
98.000001	-29	1
98	-29.000001	1
97.999999	-29	1
97.999999	-28	1
98	-27.9999990463	1
> 1 contour -Z1
-179	-47.9999990463	1
-178.999999	-48	1
-179	-48.000001	1
-179.000001	-48	1
-179	-47.9999990463	1
> 1 contour -Z1
162	-50.9999990463	1
162.000001	-51	1
162	-51.000001	1
161.999999	-51	1
162	-50.9999990463	1
> 1 contour -Z1
160	-52.9999990463	1
160.000001	-53	1
160	-53.000001	1
159.999999	-53	1
160	-52.9999990463	1
> 1 contour -Z1
159	-53.9999990463	1
159.000001	-54	1
159	-54.000001	1
158.999999	-54	1
159	-53.9999990463	1
> 1 contour -Z1
-40	-53.9999990463	1
-39	-53.999999	1
-38	-53.999999	1
-37	-53.999999	1
-36	-53.999999	1
-35.999999	-54	1
-35	-54.999999	1
> 1 contour -Z1
-35	-55.000001	1
-35.999999	-56	1
-35.999999	-57	1
-36	-57.000001	1
-36.000001	-57	1
-36.000001	-56	1
-37	-55.000001	1
-37.000001	-55	1
-38	-54.000001	1
-39	-54.000001	1
-40	-54.000001	1
-40.000001	-54	1
-40	-53.9999990463	1
> 1 contour -Z1
65	-55.9999990463	1
66	-55.999999	1
67	-55.999999	1
67.000001	-56	1
68	-56.999999	1
69	-56.999999	1
70	-56.999999	1
71	-56.999999	1
72	-56.999999	1
72.999999	-56	1
73	-55.999999	1
73.000001	-56	1
73.000001	-57	1
73	-57.000001	1
72	-57.000001	1
71	-57.000001	1
70	-57.000001	1
69	-57.000001	1
68	-57.000001	1
67	-57.000001	1
66	-57.000001	1
65	-57.000001	1
64.999999	-57	1
64.999999	-56	1
65	-55.9999990463	1
> 1 contour -Z1
75	-57.9999990463	1
76	-57.999999	1
77	-57.999999	1
78	-57.999999	1
79	-57.999999	1
79.000001	-58	1
80	-58.999999	1
81	-58.999999	1
82	-58.999999	1
83	-58.999999	1
84	-58.999999	1
84.000001	-59	1
85	-59.999999	1
86	-59.999999	1
86.000001	-60	1
86.000001	-61	1
86	-61.000001	1
85	-61.000001	1
84.000001	-62	1
84	-62.000001	1
83	-62.000001	1
82.999999	-62	1
82	-61.000001	1
81.999999	-61	1
81	-60.000001	1
80.999999	-60	1
80	-59.000001	1
79	-59.000001	1
78	-59.000001	1
77.000001	-60	1
77	-60.000001	1
76	-60.000001	1
75.999999	-60	1
75	-59.000001	1
74	-59.000001	1
73	-59.000001	1
72.999999	-59	1
73	-58.999999	1
74	-58.999999	1
74.999999	-58	1
75	-57.9999990463	1
> 1 contour -Z1
-51	-58.9999990463	1
-50.999999	-59	1
-51	-59.000001	1
-51.000001	-59	1
-51	-58.9999990463	1
> 1 contour -Z1
-45	-58.9999990463	1
-44.999999	-59	1
-45	-59.000001	1
-45.000001	-59	1
-45	-58.9999990463	1
> 1 contour -Z1
-40	-59.9999990463	1
-39	-59.999999	1
-38.999999	-60	1
-39	-60.000001	1
-40	-60.000001	1
-40.000001	-60	1
-40	-59.9999990463	1
> 1 contour -Z1
-36	-59.9999990463	1
-35	-59.999999	1
-34	-59.999999	1
-33	-59.999999	1
-32	-59.999999	1
> 1 contour -Z1
-32	-60.000001	1
-33	-60.000001	1
-34	-60.000001	1
-35	-60.000001	1
-36	-60.000001	1
-36.000001	-60	1
-36	-59.9999990463	1
> 1 contour -Z1
-47	-60.9999990463	1
-46	-60.999999	1
-45	-60.999999	1
-44	-60.999999	1
-43	-60.999999	1
-42.999999	-61	1
-42	-61.999999	1
-41.999999	-62	1
-42	-62.000001	1
-43	-62.000001	1
-44	-62.000001	1
-45	-62.000001	1
-46	-62.000001	1
-47	-62.000001	1
-47.000001	-62	1
-47.000001	-61	1
-47	-60.9999990463	1
> 1 contour -Z1
-38	-60.9999990463	1
-37	-60.999999	1
-36.999999	-61	1
-37	-61.000001	1
-38	-61.000001	1
-38.000001	-61	1
-38	-60.9999990463	1
